% time	cellId	IMSI	frame	sframe	RNTI	mcsTb1	sizeTb1	mcsTb2	sizeTb2
0.021	1	5	3	2	1	0	81	0	0
0.022	1	12	3	3	2	0	81	0	0
0.023	1	1	3	4	3	0	81	0	0
0.024	1	13	3	5	4	0	81	0	0
0.025	1	5	3	6	1	0	81	0	0
0.026	1	20	3	7	13	0	81	0	0
0.027	1	2	3	8	14	0	81	0	0
0.028	1	14	3	9	15	0	81	0	0
0.029	1	11	3	10	16	0	81	0	0
0.03	1	12	4	1	2	28	2196	0	0
0.031	1	1	4	2	3	28	2196	0	0
0.032	1	17	4	3	27	0	81	0	0
0.033	1	19	4	4	28	0	81	0	0
0.034	1	3	4	5	29	0	81	0	0
0.035	1	18	4	6	30	0	81	0	0
0.036	1	13	4	7	4	28	2196	0	0
0.037	1	20	4	8	13	28	2196	0	0
0.038	1	9	4	9	36	0	81	0	0
0.039	1	10	4	10	37	0	81	0	0
0.04	1	7	5	1	38	0	81	0	0
0.041	1	6	5	2	39	0	81	0	0
0.042	1	2	5	3	14	28	2196	0	0
0.043	1	14	5	4	15	28	2196	0	0
0.044	1	4	5	5	42	0	81	0	0
0.045	1	8	5	6	43	0	81	0	0
0.046	1	16	5	7	44	0	81	0	0
0.047	1	15	5	8	45	0	81	0	0
0.048	1	11	5	9	16	28	2196	0	0
0.049	1	17	5	10	27	28	2196	0	0
0.05	1	19	6	1	28	28	2196	0	0
0.051	1	3	6	2	29	28	2196	0	0
0.052	1	18	6	3	30	28	2196	0	0
0.053	1	9	6	4	36	28	2196	0	0
0.054	1	10	6	5	37	28	2196	0	0
0.055	1	7	6	6	38	28	2196	0	0
0.056	1	6	6	7	39	28	2196	0	0
0.057	1	4	6	8	42	28	2196	0	0
0.058	1	8	6	9	43	28	2196	0	0
0.059	1	16	6	10	44	28	2196	0	0
0.06	1	15	7	1	45	28	2196	0	0
0.061	1	5	7	2	1	28	2196	0	0
0.062	1	12	7	3	2	28	2196	0	0
0.063	1	1	7	4	3	28	2196	0	0
0.064	1	13	7	5	4	28	2196	0	0
0.065	1	20	7	6	13	28	2196	0	0
0.066	1	2	7	7	14	28	2196	0	0
0.067	1	14	7	8	15	28	2196	0	0
0.068	1	11	7	9	16	28	2196	0	0
0.069	1	17	7	10	27	28	2196	0	0
0.07	1	19	8	1	28	28	2196	0	0
0.071	1	3	8	2	29	28	2196	0	0
0.072	1	18	8	3	30	28	2196	0	0
0.073	1	9	8	4	36	28	2196	0	0
0.074	1	10	8	5	37	28	2196	0	0
0.075	1	7	8	6	38	28	2196	0	0
0.076	1	6	8	7	39	28	2196	0	0
0.077	1	4	8	8	42	28	2196	0	0
0.078	1	8	8	9	43	28	2196	0	0
0.079	1	16	8	10	44	28	2196	0	0
0.08	1	15	9	1	45	28	2196	0	0
0.081	1	5	9	2	1	28	2196	0	0
0.082	1	12	9	3	2	28	2196	0	0
0.083	1	1	9	4	3	28	2196	0	0
0.084	1	13	9	5	4	28	2196	0	0
0.085	1	20	9	6	13	28	2196	0	0
0.086	1	2	9	7	14	28	2196	0	0
0.087	1	14	9	8	15	28	2196	0	0
0.088	1	11	9	9	16	28	2196	0	0
0.089	1	17	9	10	27	28	2196	0	0
0.09	1	19	10	1	28	28	2196	0	0
0.091	1	3	10	2	29	28	2196	0	0
0.092	1	18	10	3	30	28	2196	0	0
0.093	1	9	10	4	36	28	2196	0	0
0.094	1	10	10	5	37	28	2196	0	0
0.095	1	7	10	6	38	28	2196	0	0
0.096	1	6	10	7	39	28	2196	0	0
0.097	1	4	10	8	42	28	2196	0	0
0.098	1	8	10	9	43	28	2196	0	0
0.099	1	16	10	10	44	28	2196	0	0
0.1	1	15	11	1	45	28	2196	0	0
0.101	1	5	11	2	1	28	2196	0	0
0.102	1	12	11	3	2	28	2196	0	0
0.103	1	1	11	4	3	28	2196	0	0
0.104	1	13	11	5	4	28	2196	0	0
0.105	1	20	11	6	13	28	2196	0	0
0.106	1	2	11	7	14	28	2196	0	0
0.107	1	14	11	8	15	28	2196	0	0
0.108	1	11	11	9	16	28	2196	0	0
0.109	1	17	11	10	27	28	2196	0	0
0.11	1	19	12	1	28	28	2196	0	0
0.111	1	3	12	2	29	28	2196	0	0
0.112	1	18	12	3	30	28	2196	0	0
0.113	1	9	12	4	36	28	2196	0	0
0.114	1	10	12	5	37	28	2196	0	0
0.115	1	7	12	6	38	28	2196	0	0
0.116	1	6	12	7	39	28	2196	0	0
0.117	1	4	12	8	42	28	2196	0	0
0.118	1	8	12	9	43	28	2196	0	0
0.119	1	16	12	10	44	28	2196	0	0
0.12	1	15	13	1	45	28	2196	0	0
0.121	1	5	13	2	1	28	2196	0	0
0.122	1	12	13	3	2	28	2196	0	0
0.123	1	1	13	4	3	28	2196	0	0
0.124	1	13	13	5	4	28	2196	0	0
0.125	1	20	13	6	13	28	2196	0	0
0.126	1	2	13	7	14	28	2196	0	0
0.127	1	14	13	8	15	28	2196	0	0
0.128	1	11	13	9	16	28	2196	0	0
0.129	1	17	13	10	27	28	2196	0	0
0.13	1	19	14	1	28	28	2196	0	0
0.131	1	3	14	2	29	28	2196	0	0
0.132	1	18	14	3	30	28	2196	0	0
0.133	1	9	14	4	36	28	2196	0	0
0.134	1	10	14	5	37	28	2196	0	0
0.135	1	7	14	6	38	28	2196	0	0
0.136	1	6	14	7	39	28	2196	0	0
0.137	1	4	14	8	42	28	2196	0	0
0.138	1	8	14	9	43	28	2196	0	0
0.139	1	16	14	10	44	28	2196	0	0
0.14	1	15	15	1	45	28	2196	0	0
0.141	1	5	15	2	1	28	2196	0	0
0.142	1	12	15	3	2	28	2196	0	0
0.143	1	1	15	4	3	28	2196	0	0
0.144	1	13	15	5	4	28	2196	0	0
0.145	1	20	15	6	13	28	2196	0	0
0.146	1	2	15	7	14	28	2196	0	0
0.147	1	14	15	8	15	28	2196	0	0
0.148	1	11	15	9	16	28	2196	0	0
0.149	1	17	15	10	27	28	2196	0	0
0.15	1	19	16	1	28	28	2196	0	0
0.151	1	3	16	2	29	28	2196	0	0
0.152	1	18	16	3	30	28	2196	0	0
0.153	1	9	16	4	36	28	2196	0	0
0.154	1	10	16	5	37	28	2196	0	0
0.155	1	7	16	6	38	28	2196	0	0
0.156	1	6	16	7	39	28	2196	0	0
0.157	1	4	16	8	42	28	2196	0	0
0.158	1	8	16	9	43	28	2196	0	0
0.159	1	16	16	10	44	28	2196	0	0
0.16	1	15	17	1	45	28	2196	0	0
0.161	1	5	17	2	1	28	2196	0	0
0.162	1	12	17	3	2	28	2196	0	0
0.163	1	1	17	4	3	28	2196	0	0
0.164	1	13	17	5	4	28	2196	0	0
0.165	1	20	17	6	13	28	2196	0	0
0.166	1	2	17	7	14	28	2196	0	0
0.167	1	14	17	8	15	28	2196	0	0
0.168	1	11	17	9	16	28	2196	0	0
0.169	1	17	17	10	27	28	2196	0	0
0.17	1	19	18	1	28	28	2196	0	0
0.171	1	3	18	2	29	28	2196	0	0
0.172	1	18	18	3	30	28	2196	0	0
0.173	1	9	18	4	36	28	2196	0	0
0.174	1	10	18	5	37	28	2196	0	0
0.175	1	7	18	6	38	28	2196	0	0
0.176	1	6	18	7	39	28	2196	0	0
0.177	1	4	18	8	42	28	2196	0	0
0.178	1	8	18	9	43	28	2196	0	0
0.179	1	16	18	10	44	28	2196	0	0
0.18	1	15	19	1	45	28	2196	0	0
0.181	1	5	19	2	1	28	2196	0	0
0.182	1	12	19	3	2	28	2196	0	0
0.183	1	1	19	4	3	28	2196	0	0
0.184	1	13	19	5	4	28	2196	0	0
0.185	1	20	19	6	13	28	2196	0	0
0.186	1	2	19	7	14	28	2196	0	0
0.187	1	14	19	8	15	28	2196	0	0
0.188	1	11	19	9	16	28	2196	0	0
0.189	1	17	19	10	27	28	2196	0	0
0.19	1	19	20	1	28	28	2196	0	0
0.191	1	3	20	2	29	28	2196	0	0
0.192	1	18	20	3	30	28	2196	0	0
0.193	1	9	20	4	36	28	2196	0	0
0.194	1	10	20	5	37	28	2196	0	0
0.195	1	7	20	6	38	28	2196	0	0
0.196	1	6	20	7	39	28	2196	0	0
0.197	1	4	20	8	42	28	2196	0	0
0.198	1	8	20	9	43	28	2196	0	0
0.199	1	16	20	10	44	28	2196	0	0
0.2	1	15	21	1	45	28	2196	0	0
0.201	1	5	21	2	1	28	2196	0	0
0.202	1	12	21	3	2	28	2196	0	0
0.203	1	1	21	4	3	28	2196	0	0
0.204	1	13	21	5	4	28	2196	0	0
0.205	1	20	21	6	13	28	2196	0	0
0.206	1	2	21	7	14	28	2196	0	0
0.207	1	14	21	8	15	28	2196	0	0
0.208	1	11	21	9	16	28	2196	0	0
0.209	1	17	21	10	27	28	2196	0	0
0.21	1	19	22	1	28	28	2196	0	0
0.211	1	3	22	2	29	28	2196	0	0
0.212	1	18	22	3	30	28	2196	0	0
0.213	1	9	22	4	36	28	2196	0	0
0.214	1	10	22	5	37	28	2196	0	0
0.215	1	7	22	6	38	28	2196	0	0
0.216	1	6	22	7	39	28	2196	0	0
0.217	1	4	22	8	42	28	2196	0	0
0.218	1	8	22	9	43	28	2196	0	0
0.219	1	16	22	10	44	28	2196	0	0
0.22	1	15	23	1	45	28	2196	0	0
0.221	1	5	23	2	1	28	2196	0	0
0.222	1	12	23	3	2	28	2196	0	0
0.223	1	1	23	4	3	28	2196	0	0
0.224	1	13	23	5	4	28	2196	0	0
0.225	1	20	23	6	13	28	2196	0	0
0.226	1	2	23	7	14	28	2196	0	0
0.227	1	14	23	8	15	28	2196	0	0
0.228	1	11	23	9	16	28	2196	0	0
0.229	1	17	23	10	27	28	2196	0	0
0.23	1	19	24	1	28	28	2196	0	0
0.231	1	3	24	2	29	28	2196	0	0
0.232	1	18	24	3	30	28	2196	0	0
0.233	1	9	24	4	36	28	2196	0	0
0.234	1	10	24	5	37	28	2196	0	0
0.235	1	7	24	6	38	28	2196	0	0
0.236	1	6	24	7	39	28	2196	0	0
0.237	1	4	24	8	42	28	2196	0	0
0.238	1	8	24	9	43	28	2196	0	0
0.239	1	16	24	10	44	28	2196	0	0
0.24	1	15	25	1	45	28	2196	0	0
0.241	1	5	25	2	1	28	2196	0	0
0.242	1	12	25	3	2	28	2196	0	0
0.243	1	1	25	4	3	28	2196	0	0
0.244	1	13	25	5	4	28	2196	0	0
0.245	1	20	25	6	13	28	2196	0	0
0.246	1	2	25	7	14	28	2196	0	0
0.247	1	14	25	8	15	28	2196	0	0
0.248	1	11	25	9	16	28	2196	0	0
0.249	1	17	25	10	27	28	2196	0	0
0.25	1	19	26	1	28	28	2196	0	0
0.251	1	3	26	2	29	28	2196	0	0
0.252	1	18	26	3	30	28	2196	0	0
0.253	1	9	26	4	36	28	2196	0	0
0.254	1	10	26	5	37	28	2196	0	0
0.255	1	7	26	6	38	28	2196	0	0
0.256	1	6	26	7	39	28	2196	0	0
0.257	1	4	26	8	42	28	2196	0	0
0.258	1	8	26	9	43	28	2196	0	0
0.259	1	16	26	10	44	28	2196	0	0
0.26	1	15	27	1	45	28	2196	0	0
0.261	1	5	27	2	1	28	2196	0	0
0.262	1	12	27	3	2	28	2196	0	0
0.263	1	1	27	4	3	28	2196	0	0
0.264	1	13	27	5	4	28	2196	0	0
0.265	1	20	27	6	13	28	2196	0	0
0.266	1	2	27	7	14	28	2196	0	0
0.267	1	14	27	8	15	28	2196	0	0
0.268	1	11	27	9	16	28	2196	0	0
0.269	1	17	27	10	27	28	2196	0	0
0.27	1	19	28	1	28	28	2196	0	0
0.271	1	3	28	2	29	28	2196	0	0
0.272	1	18	28	3	30	28	2196	0	0
0.273	1	9	28	4	36	28	2196	0	0
0.274	1	10	28	5	37	28	2196	0	0
0.275	1	7	28	6	38	28	2196	0	0
0.276	1	6	28	7	39	28	2196	0	0
0.277	1	4	28	8	42	28	2196	0	0
0.278	1	8	28	9	43	28	2196	0	0
0.279	1	16	28	10	44	28	2196	0	0
0.28	1	15	29	1	45	28	2196	0	0
0.281	1	5	29	2	1	28	2196	0	0
0.282	1	12	29	3	2	28	2196	0	0
0.283	1	1	29	4	3	28	2196	0	0
0.284	1	13	29	5	4	28	2196	0	0
0.285	1	20	29	6	13	28	2196	0	0
0.286	1	2	29	7	14	28	2196	0	0
0.287	1	14	29	8	15	28	2196	0	0
0.288	1	11	29	9	16	28	2196	0	0
0.289	1	17	29	10	27	28	2196	0	0
0.29	1	19	30	1	28	28	2196	0	0
0.291	1	3	30	2	29	28	2196	0	0
0.292	1	18	30	3	30	28	2196	0	0
0.293	1	9	30	4	36	28	2196	0	0
0.294	1	10	30	5	37	28	2196	0	0
0.295	1	7	30	6	38	28	2196	0	0
0.296	1	6	30	7	39	28	2196	0	0
0.297	1	4	30	8	42	28	2196	0	0
0.298	1	8	30	9	43	28	2196	0	0
0.299	1	16	30	10	44	28	2196	0	0
0.3	1	15	31	1	45	28	2196	0	0
0.301	1	5	31	2	1	28	2196	0	0
0.302	1	12	31	3	2	28	2196	0	0
0.303	1	1	31	4	3	28	2196	0	0
0.304	1	13	31	5	4	28	2196	0	0
0.305	1	20	31	6	13	28	2196	0	0
0.306	1	2	31	7	14	28	2196	0	0
0.307	1	14	31	8	15	28	2196	0	0
0.308	1	11	31	9	16	28	2196	0	0
0.309	1	17	31	10	27	28	2196	0	0
0.31	1	19	32	1	28	28	2196	0	0
0.311	1	3	32	2	29	28	2196	0	0
0.312	1	18	32	3	30	28	2196	0	0
0.313	1	9	32	4	36	28	2196	0	0
0.314	1	10	32	5	37	28	2196	0	0
0.315	1	7	32	6	38	28	2196	0	0
0.316	1	6	32	7	39	28	2196	0	0
0.317	1	4	32	8	42	28	2196	0	0
0.318	1	8	32	9	43	28	2196	0	0
0.319	1	16	32	10	44	28	2196	0	0
0.32	1	15	33	1	45	28	2196	0	0
0.321	1	5	33	2	1	28	2196	0	0
0.322	1	12	33	3	2	28	2196	0	0
0.323	1	1	33	4	3	28	2196	0	0
0.324	1	13	33	5	4	28	2196	0	0
0.325	1	20	33	6	13	28	2196	0	0
0.326	1	2	33	7	14	28	2196	0	0
0.327	1	14	33	8	15	28	2196	0	0
0.328	1	11	33	9	16	28	2196	0	0
0.329	1	17	33	10	27	28	2196	0	0
0.33	1	19	34	1	28	28	2196	0	0
0.331	1	3	34	2	29	28	2196	0	0
0.332	1	18	34	3	30	28	2196	0	0
0.333	1	9	34	4	36	28	2196	0	0
0.334	1	10	34	5	37	28	2196	0	0
0.335	1	7	34	6	38	28	2196	0	0
0.336	1	6	34	7	39	28	2196	0	0
0.337	1	4	34	8	42	28	2196	0	0
0.338	1	8	34	9	43	28	2196	0	0
0.339	1	16	34	10	44	28	2196	0	0
0.34	1	15	35	1	45	28	2196	0	0
0.341	1	5	35	2	1	28	2196	0	0
0.342	1	12	35	3	2	28	2196	0	0
0.343	1	1	35	4	3	28	2196	0	0
0.344	1	13	35	5	4	28	2196	0	0
0.345	1	20	35	6	13	28	2196	0	0
0.346	1	2	35	7	14	28	2196	0	0
0.347	1	14	35	8	15	28	2196	0	0
0.348	1	11	35	9	16	28	2196	0	0
0.349	1	17	35	10	27	28	2196	0	0
0.35	1	19	36	1	28	28	2196	0	0
0.351	1	3	36	2	29	28	2196	0	0
0.352	1	18	36	3	30	28	2196	0	0
0.353	1	9	36	4	36	28	2196	0	0
0.354	1	10	36	5	37	28	2196	0	0
0.355	1	7	36	6	38	28	2196	0	0
0.356	1	6	36	7	39	28	2196	0	0
0.357	1	4	36	8	42	28	2196	0	0
0.358	1	8	36	9	43	28	2196	0	0
0.359	1	16	36	10	44	28	2196	0	0
0.36	1	15	37	1	45	28	2196	0	0
0.361	1	5	37	2	1	28	2196	0	0
0.362	1	12	37	3	2	28	2196	0	0
0.363	1	1	37	4	3	28	2196	0	0
0.364	1	13	37	5	4	28	2196	0	0
0.365	1	20	37	6	13	28	2196	0	0
0.366	1	2	37	7	14	28	2196	0	0
0.367	1	14	37	8	15	28	2196	0	0
0.368	1	11	37	9	16	28	2196	0	0
0.369	1	17	37	10	27	28	2196	0	0
0.37	1	19	38	1	28	28	2196	0	0
0.371	1	3	38	2	29	28	2196	0	0
0.372	1	18	38	3	30	28	2196	0	0
0.373	1	9	38	4	36	28	2196	0	0
0.374	1	10	38	5	37	28	2196	0	0
0.375	1	7	38	6	38	28	2196	0	0
0.376	1	6	38	7	39	28	2196	0	0
0.377	1	4	38	8	42	28	2196	0	0
0.378	1	8	38	9	43	28	2196	0	0
0.379	1	16	38	10	44	28	2196	0	0
0.38	1	15	39	1	45	28	2196	0	0
0.381	1	5	39	2	1	28	2196	0	0
0.382	1	12	39	3	2	28	2196	0	0
0.383	1	1	39	4	3	28	2196	0	0
0.384	1	13	39	5	4	28	2196	0	0
0.385	1	20	39	6	13	28	2196	0	0
0.386	1	2	39	7	14	28	2196	0	0
0.387	1	14	39	8	15	28	2196	0	0
0.388	1	11	39	9	16	28	2196	0	0
0.389	1	17	39	10	27	28	2196	0	0
0.39	1	19	40	1	28	28	2196	0	0
0.391	1	3	40	2	29	28	2196	0	0
0.392	1	18	40	3	30	28	2196	0	0
0.393	1	9	40	4	36	28	2196	0	0
0.394	1	10	40	5	37	28	2196	0	0
0.395	1	7	40	6	38	28	2196	0	0
0.396	1	6	40	7	39	28	2196	0	0
0.397	1	4	40	8	42	28	2196	0	0
0.398	1	8	40	9	43	28	2196	0	0
0.399	1	16	40	10	44	28	2196	0	0
0.4	1	15	41	1	45	28	2196	0	0
0.401	1	5	41	2	1	28	2196	0	0
0.402	1	12	41	3	2	28	2196	0	0
0.403	1	1	41	4	3	28	2196	0	0
0.404	1	13	41	5	4	28	2196	0	0
0.405	1	20	41	6	13	28	2196	0	0
0.406	1	2	41	7	14	28	2196	0	0
0.407	1	14	41	8	15	28	2196	0	0
0.408	1	11	41	9	16	28	2196	0	0
0.409	1	17	41	10	27	28	2196	0	0
0.41	1	19	42	1	28	28	2196	0	0
0.411	1	3	42	2	29	28	2196	0	0
0.412	1	18	42	3	30	28	2196	0	0
0.413	1	9	42	4	36	28	2196	0	0
0.414	1	10	42	5	37	28	2196	0	0
0.415	1	7	42	6	38	28	2196	0	0
0.416	1	6	42	7	39	28	2196	0	0
0.417	1	4	42	8	42	28	2196	0	0
0.418	1	8	42	9	43	28	2196	0	0
0.419	1	16	42	10	44	28	2196	0	0
0.42	1	15	43	1	45	28	2196	0	0
0.421	1	5	43	2	1	28	2196	0	0
0.422	1	12	43	3	2	28	2196	0	0
0.423	1	1	43	4	3	28	2196	0	0
0.424	1	13	43	5	4	28	2196	0	0
0.425	1	20	43	6	13	28	2196	0	0
0.426	1	2	43	7	14	28	2196	0	0
0.427	1	14	43	8	15	28	2196	0	0
0.428	1	11	43	9	16	28	2196	0	0
0.429	1	17	43	10	27	28	2196	0	0
0.43	1	19	44	1	28	28	2196	0	0
0.431	1	3	44	2	29	28	2196	0	0
0.432	1	18	44	3	30	28	2196	0	0
0.433	1	9	44	4	36	28	2196	0	0
0.434	1	10	44	5	37	28	2196	0	0
0.435	1	7	44	6	38	28	2196	0	0
0.436	1	6	44	7	39	28	2196	0	0
0.437	1	4	44	8	42	28	2196	0	0
0.438	1	8	44	9	43	28	2196	0	0
0.439	1	16	44	10	44	28	2196	0	0
0.44	1	15	45	1	45	28	2196	0	0
0.441	1	5	45	2	1	28	2196	0	0
0.442	1	12	45	3	2	28	2196	0	0
0.443	1	1	45	4	3	28	2196	0	0
0.444	1	13	45	5	4	28	2196	0	0
0.445	1	20	45	6	13	28	2196	0	0
0.446	1	2	45	7	14	28	2196	0	0
0.447	1	14	45	8	15	28	2196	0	0
0.448	1	11	45	9	16	28	2196	0	0
0.449	1	17	45	10	27	28	2196	0	0
0.45	1	19	46	1	28	28	2196	0	0
0.451	1	3	46	2	29	28	2196	0	0
0.452	1	18	46	3	30	28	2196	0	0
0.453	1	9	46	4	36	28	2196	0	0
0.454	1	10	46	5	37	28	2196	0	0
0.455	1	7	46	6	38	28	2196	0	0
0.456	1	6	46	7	39	28	2196	0	0
0.457	1	4	46	8	42	28	2196	0	0
0.458	1	8	46	9	43	28	2196	0	0
0.459	1	16	46	10	44	28	2196	0	0
0.46	1	15	47	1	45	28	2196	0	0
0.461	1	5	47	2	1	28	2196	0	0
0.462	1	12	47	3	2	28	2196	0	0
0.463	1	1	47	4	3	28	2196	0	0
0.464	1	13	47	5	4	28	2196	0	0
0.465	1	20	47	6	13	28	2196	0	0
0.466	1	2	47	7	14	28	2196	0	0
0.467	1	14	47	8	15	28	2196	0	0
0.468	1	11	47	9	16	28	2196	0	0
0.469	1	17	47	10	27	28	2196	0	0
0.47	1	19	48	1	28	28	2196	0	0
0.471	1	3	48	2	29	28	2196	0	0
0.472	1	18	48	3	30	28	2196	0	0
0.473	1	9	48	4	36	28	2196	0	0
0.474	1	10	48	5	37	28	2196	0	0
0.475	1	7	48	6	38	28	2196	0	0
0.476	1	6	48	7	39	28	2196	0	0
0.477	1	4	48	8	42	28	2196	0	0
0.478	1	8	48	9	43	28	2196	0	0
0.479	1	16	48	10	44	28	2196	0	0
0.48	1	15	49	1	45	28	2196	0	0
0.481	1	5	49	2	1	28	2196	0	0
0.482	1	12	49	3	2	28	2196	0	0
0.483	1	1	49	4	3	28	2196	0	0
0.484	1	13	49	5	4	28	2196	0	0
0.485	1	20	49	6	13	28	2196	0	0
0.486	1	2	49	7	14	28	2196	0	0
0.487	1	14	49	8	15	28	2196	0	0
0.488	1	11	49	9	16	28	2196	0	0
0.489	1	17	49	10	27	28	2196	0	0
0.49	1	19	50	1	28	28	2196	0	0
0.491	1	3	50	2	29	28	2196	0	0
0.492	1	18	50	3	30	28	2196	0	0
0.493	1	9	50	4	36	28	2196	0	0
0.494	1	10	50	5	37	28	2196	0	0
0.495	1	7	50	6	38	28	2196	0	0
0.496	1	6	50	7	39	28	2196	0	0
0.497	1	4	50	8	42	28	2196	0	0
0.498	1	8	50	9	43	28	2196	0	0
0.499	1	16	50	10	44	28	2196	0	0
0.5	1	15	51	1	45	28	2196	0	0
0.501	1	5	51	2	1	28	2196	0	0
0.502	1	12	51	3	2	28	2196	0	0
0.503	1	1	51	4	3	28	2196	0	0
0.504	1	13	51	5	4	28	2196	0	0
0.505	1	20	51	6	13	28	2196	0	0
0.506	1	2	51	7	14	28	2196	0	0
0.507	1	14	51	8	15	28	2196	0	0
0.508	1	11	51	9	16	28	2196	0	0
0.509	1	17	51	10	27	28	2196	0	0
0.51	1	19	52	1	28	28	2196	0	0
0.511	1	3	52	2	29	28	2196	0	0
0.512	1	18	52	3	30	28	2196	0	0
0.513	1	9	52	4	36	28	2196	0	0
0.514	1	10	52	5	37	28	2196	0	0
0.515	1	7	52	6	38	28	2196	0	0
0.516	1	6	52	7	39	28	2196	0	0
0.517	1	4	52	8	42	28	2196	0	0
0.518	1	8	52	9	43	28	2196	0	0
0.519	1	16	52	10	44	28	2196	0	0
0.52	1	15	53	1	45	28	2196	0	0
0.521	1	5	53	2	1	28	2196	0	0
0.522	1	12	53	3	2	28	2196	0	0
0.523	1	1	53	4	3	28	2196	0	0
0.524	1	13	53	5	4	28	2196	0	0
0.525	1	20	53	6	13	28	2196	0	0
0.526	1	2	53	7	14	28	2196	0	0
0.527	1	14	53	8	15	28	2196	0	0
0.528	1	11	53	9	16	28	2196	0	0
0.529	1	17	53	10	27	28	2196	0	0
0.53	1	19	54	1	28	28	2196	0	0
0.531	1	3	54	2	29	28	2196	0	0
0.532	1	18	54	3	30	28	2196	0	0
0.533	1	9	54	4	36	28	2196	0	0
0.534	1	10	54	5	37	28	2196	0	0
0.535	1	7	54	6	38	28	2196	0	0
0.536	1	6	54	7	39	28	2196	0	0
0.537	1	4	54	8	42	28	2196	0	0
0.538	1	8	54	9	43	28	2196	0	0
0.539	1	16	54	10	44	28	2196	0	0
0.54	1	15	55	1	45	28	2196	0	0
0.541	1	5	55	2	1	28	2196	0	0
0.542	1	12	55	3	2	28	2196	0	0
0.543	1	1	55	4	3	28	2196	0	0
0.544	1	13	55	5	4	28	2196	0	0
0.545	1	20	55	6	13	28	2196	0	0
0.546	1	2	55	7	14	28	2196	0	0
0.547	1	14	55	8	15	28	2196	0	0
0.548	1	11	55	9	16	28	2196	0	0
0.549	1	17	55	10	27	28	2196	0	0
0.55	1	19	56	1	28	28	2196	0	0
0.551	1	3	56	2	29	28	2196	0	0
0.552	1	18	56	3	30	28	2196	0	0
0.553	1	9	56	4	36	28	2196	0	0
0.554	1	10	56	5	37	28	2196	0	0
0.555	1	7	56	6	38	28	2196	0	0
0.556	1	6	56	7	39	28	2196	0	0
0.557	1	4	56	8	42	28	2196	0	0
0.558	1	8	56	9	43	28	2196	0	0
0.559	1	16	56	10	44	28	2196	0	0
0.56	1	15	57	1	45	28	2196	0	0
0.561	1	5	57	2	1	28	2196	0	0
0.562	1	12	57	3	2	28	2196	0	0
0.563	1	1	57	4	3	28	2196	0	0
0.564	1	13	57	5	4	28	2196	0	0
0.565	1	20	57	6	13	28	2196	0	0
0.566	1	2	57	7	14	28	2196	0	0
0.567	1	14	57	8	15	28	2196	0	0
0.568	1	11	57	9	16	28	2196	0	0
0.569	1	17	57	10	27	28	2196	0	0
0.57	1	19	58	1	28	28	2196	0	0
0.571	1	3	58	2	29	28	2196	0	0
0.572	1	18	58	3	30	28	2196	0	0
0.573	1	9	58	4	36	28	2196	0	0
0.574	1	10	58	5	37	28	2196	0	0
0.575	1	7	58	6	38	28	2196	0	0
0.576	1	6	58	7	39	28	2196	0	0
0.577	1	4	58	8	42	28	2196	0	0
0.578	1	8	58	9	43	28	2196	0	0
0.579	1	16	58	10	44	28	2196	0	0
0.58	1	15	59	1	45	28	2196	0	0
0.581	1	5	59	2	1	28	2196	0	0
0.582	1	12	59	3	2	28	2196	0	0
0.583	1	1	59	4	3	28	2196	0	0
0.584	1	13	59	5	4	28	2196	0	0
0.585	1	20	59	6	13	28	2196	0	0
0.586	1	2	59	7	14	28	2196	0	0
0.587	1	14	59	8	15	28	2196	0	0
0.588	1	11	59	9	16	28	2196	0	0
0.589	1	17	59	10	27	28	2196	0	0
0.59	1	19	60	1	28	28	2196	0	0
0.591	1	3	60	2	29	28	2196	0	0
0.592	1	18	60	3	30	28	2196	0	0
0.593	1	9	60	4	36	28	2196	0	0
0.594	1	10	60	5	37	28	2196	0	0
0.595	1	7	60	6	38	28	2196	0	0
0.596	1	6	60	7	39	28	2196	0	0
0.597	1	4	60	8	42	28	2196	0	0
0.598	1	8	60	9	43	28	2196	0	0
0.599	1	16	60	10	44	28	2196	0	0
0.6	1	15	61	1	45	28	2196	0	0
0.601	1	5	61	2	1	28	2196	0	0
0.602	1	12	61	3	2	28	2196	0	0
0.603	1	1	61	4	3	28	2196	0	0
0.604	1	13	61	5	4	28	2196	0	0
0.605	1	20	61	6	13	28	2196	0	0
0.606	1	2	61	7	14	28	2196	0	0
0.607	1	14	61	8	15	28	2196	0	0
0.608	1	11	61	9	16	28	2196	0	0
0.609	1	17	61	10	27	28	2196	0	0
0.61	1	19	62	1	28	28	2196	0	0
0.611	1	3	62	2	29	28	2196	0	0
0.612	1	18	62	3	30	28	2196	0	0
0.613	1	9	62	4	36	28	2196	0	0
0.614	1	10	62	5	37	28	2196	0	0
0.615	1	7	62	6	38	28	2196	0	0
0.616	1	6	62	7	39	28	2196	0	0
0.617	1	4	62	8	42	28	2196	0	0
0.618	1	8	62	9	43	28	2196	0	0
0.619	1	16	62	10	44	28	2196	0	0
0.62	1	15	63	1	45	28	2196	0	0
0.621	1	5	63	2	1	28	2196	0	0
0.622	1	12	63	3	2	28	2196	0	0
0.623	1	1	63	4	3	28	2196	0	0
0.624	1	13	63	5	4	28	2196	0	0
0.625	1	20	63	6	13	28	2196	0	0
0.626	1	2	63	7	14	28	2196	0	0
0.627	1	14	63	8	15	28	2196	0	0
0.628	1	11	63	9	16	28	2196	0	0
0.629	1	17	63	10	27	28	2196	0	0
0.63	1	19	64	1	28	28	2196	0	0
0.631	1	3	64	2	29	28	2196	0	0
0.632	1	18	64	3	30	28	2196	0	0
0.633	1	9	64	4	36	28	2196	0	0
0.634	1	10	64	5	37	28	2196	0	0
0.635	1	7	64	6	38	28	2196	0	0
0.636	1	6	64	7	39	28	2196	0	0
0.637	1	4	64	8	42	28	2196	0	0
0.638	1	8	64	9	43	28	2196	0	0
0.639	1	16	64	10	44	28	2196	0	0
0.64	1	15	65	1	45	28	2196	0	0
0.641	1	5	65	2	1	28	2196	0	0
0.642	1	12	65	3	2	28	2196	0	0
0.643	1	1	65	4	3	28	2196	0	0
0.644	1	13	65	5	4	28	2196	0	0
0.645	1	20	65	6	13	28	2196	0	0
0.646	1	2	65	7	14	28	2196	0	0
0.647	1	14	65	8	15	28	2196	0	0
0.648	1	11	65	9	16	28	2196	0	0
0.649	1	17	65	10	27	28	2196	0	0
0.65	1	19	66	1	28	28	2196	0	0
0.651	1	3	66	2	29	28	2196	0	0
0.652	1	18	66	3	30	28	2196	0	0
0.653	1	9	66	4	36	28	2196	0	0
0.654	1	10	66	5	37	28	2196	0	0
0.655	1	7	66	6	38	28	2196	0	0
0.656	1	6	66	7	39	28	2196	0	0
0.657	1	4	66	8	42	28	2196	0	0
0.658	1	8	66	9	43	28	2196	0	0
0.659	1	16	66	10	44	28	2196	0	0
0.66	1	15	67	1	45	28	2196	0	0
0.661	1	5	67	2	1	28	2196	0	0
0.662	1	12	67	3	2	28	2196	0	0
0.663	1	1	67	4	3	28	2196	0	0
0.664	1	13	67	5	4	28	2196	0	0
0.665	1	20	67	6	13	28	2196	0	0
0.666	1	2	67	7	14	28	2196	0	0
0.667	1	14	67	8	15	28	2196	0	0
0.668	1	11	67	9	16	28	2196	0	0
0.669	1	17	67	10	27	28	2196	0	0
0.67	1	19	68	1	28	28	2196	0	0
0.671	1	3	68	2	29	28	2196	0	0
0.672	1	18	68	3	30	28	2196	0	0
0.673	1	9	68	4	36	28	2196	0	0
0.674	1	10	68	5	37	28	2196	0	0
0.675	1	7	68	6	38	28	2196	0	0
0.676	1	6	68	7	39	28	2196	0	0
0.677	1	4	68	8	42	28	2196	0	0
0.678	1	8	68	9	43	28	2196	0	0
0.679	1	16	68	10	44	28	2196	0	0
0.68	1	15	69	1	45	28	2196	0	0
0.681	1	5	69	2	1	28	2196	0	0
0.682	1	12	69	3	2	28	2196	0	0
0.683	1	1	69	4	3	28	2196	0	0
0.684	1	13	69	5	4	28	2196	0	0
0.685	1	20	69	6	13	28	2196	0	0
0.686	1	2	69	7	14	28	2196	0	0
0.687	1	14	69	8	15	28	2196	0	0
0.688	1	11	69	9	16	28	2196	0	0
0.689	1	17	69	10	27	28	2196	0	0
0.69	1	19	70	1	28	28	2196	0	0
0.691	1	3	70	2	29	28	2196	0	0
0.692	1	18	70	3	30	28	2196	0	0
0.693	1	9	70	4	36	28	2196	0	0
0.694	1	10	70	5	37	28	2196	0	0
0.695	1	7	70	6	38	28	2196	0	0
0.696	1	6	70	7	39	28	2196	0	0
0.697	1	4	70	8	42	28	2196	0	0
0.698	1	8	70	9	43	28	2196	0	0
0.699	1	16	70	10	44	28	2196	0	0
0.7	1	15	71	1	45	28	2196	0	0
0.701	1	5	71	2	1	28	2196	0	0
0.702	1	12	71	3	2	28	2196	0	0
0.703	1	1	71	4	3	28	2196	0	0
0.704	1	13	71	5	4	28	2196	0	0
0.705	1	20	71	6	13	28	2196	0	0
0.706	1	2	71	7	14	28	2196	0	0
0.707	1	14	71	8	15	28	2196	0	0
0.708	1	11	71	9	16	28	2196	0	0
0.709	1	17	71	10	27	28	2196	0	0
0.71	1	19	72	1	28	28	2196	0	0
0.711	1	3	72	2	29	28	2196	0	0
0.712	1	18	72	3	30	28	2196	0	0
0.713	1	9	72	4	36	28	2196	0	0
0.714	1	10	72	5	37	28	2196	0	0
0.715	1	7	72	6	38	28	2196	0	0
0.716	1	6	72	7	39	28	2196	0	0
0.717	1	4	72	8	42	28	2196	0	0
0.718	1	8	72	9	43	28	2196	0	0
0.719	1	16	72	10	44	28	2196	0	0
0.72	1	15	73	1	45	28	2196	0	0
0.721	1	5	73	2	1	28	2196	0	0
0.722	1	12	73	3	2	28	2196	0	0
0.723	1	1	73	4	3	28	2196	0	0
0.724	1	13	73	5	4	28	2196	0	0
0.725	1	20	73	6	13	28	2196	0	0
0.726	1	2	73	7	14	28	2196	0	0
0.727	1	14	73	8	15	28	2196	0	0
0.728	1	11	73	9	16	28	2196	0	0
0.729	1	17	73	10	27	28	2196	0	0
0.73	1	19	74	1	28	28	2196	0	0
0.731	1	3	74	2	29	28	2196	0	0
0.732	1	18	74	3	30	28	2196	0	0
0.733	1	9	74	4	36	28	2196	0	0
0.734	1	10	74	5	37	28	2196	0	0
0.735	1	7	74	6	38	28	2196	0	0
0.736	1	6	74	7	39	28	2196	0	0
0.737	1	4	74	8	42	28	2196	0	0
0.738	1	8	74	9	43	28	2196	0	0
0.739	1	16	74	10	44	28	2196	0	0
0.74	1	15	75	1	45	28	2196	0	0
0.741	1	5	75	2	1	28	2196	0	0
0.742	1	12	75	3	2	28	2196	0	0
0.743	1	1	75	4	3	28	2196	0	0
0.744	1	13	75	5	4	28	2196	0	0
0.745	1	20	75	6	13	28	2196	0	0
0.746	1	2	75	7	14	28	2196	0	0
0.747	1	14	75	8	15	28	2196	0	0
0.748	1	11	75	9	16	28	2196	0	0
0.749	1	17	75	10	27	28	2196	0	0
0.75	1	19	76	1	28	28	2196	0	0
0.751	1	3	76	2	29	28	2196	0	0
0.752	1	18	76	3	30	28	2196	0	0
0.753	1	9	76	4	36	28	2196	0	0
0.754	1	10	76	5	37	28	2196	0	0
0.755	1	7	76	6	38	28	2196	0	0
0.756	1	6	76	7	39	28	2196	0	0
0.757	1	4	76	8	42	28	2196	0	0
0.758	1	8	76	9	43	28	2196	0	0
0.759	1	16	76	10	44	28	2196	0	0
0.76	1	15	77	1	45	28	2196	0	0
0.761	1	5	77	2	1	28	2196	0	0
0.762	1	12	77	3	2	28	2196	0	0
0.763	1	1	77	4	3	28	2196	0	0
0.764	1	13	77	5	4	28	2196	0	0
0.765	1	20	77	6	13	28	2196	0	0
0.766	1	2	77	7	14	28	2196	0	0
0.767	1	14	77	8	15	28	2196	0	0
0.768	1	11	77	9	16	28	2196	0	0
0.769	1	17	77	10	27	28	2196	0	0
0.77	1	19	78	1	28	28	2196	0	0
0.771	1	3	78	2	29	28	2196	0	0
0.772	1	18	78	3	30	28	2196	0	0
0.773	1	9	78	4	36	28	2196	0	0
0.774	1	10	78	5	37	28	2196	0	0
0.775	1	7	78	6	38	28	2196	0	0
0.776	1	6	78	7	39	28	2196	0	0
0.777	1	4	78	8	42	28	2196	0	0
0.778	1	8	78	9	43	28	2196	0	0
0.779	1	16	78	10	44	28	2196	0	0
0.78	1	15	79	1	45	28	2196	0	0
0.781	1	5	79	2	1	28	2196	0	0
0.782	1	12	79	3	2	28	2196	0	0
0.783	1	1	79	4	3	28	2196	0	0
0.784	1	13	79	5	4	28	2196	0	0
0.785	1	20	79	6	13	28	2196	0	0
0.786	1	2	79	7	14	28	2196	0	0
0.787	1	14	79	8	15	28	2196	0	0
0.788	1	11	79	9	16	28	2196	0	0
0.789	1	17	79	10	27	28	2196	0	0
0.79	1	19	80	1	28	28	2196	0	0
0.791	1	3	80	2	29	28	2196	0	0
0.792	1	18	80	3	30	28	2196	0	0
0.793	1	9	80	4	36	28	2196	0	0
0.794	1	10	80	5	37	28	2196	0	0
0.795	1	7	80	6	38	28	2196	0	0
0.796	1	6	80	7	39	28	2196	0	0
0.797	1	4	80	8	42	28	2196	0	0
0.798	1	8	80	9	43	28	2196	0	0
0.799	1	16	80	10	44	28	2196	0	0
0.8	1	15	81	1	45	28	2196	0	0
0.801	1	5	81	2	1	28	2196	0	0
0.802	1	12	81	3	2	28	2196	0	0
0.803	1	1	81	4	3	28	2196	0	0
0.804	1	13	81	5	4	28	2196	0	0
0.805	1	20	81	6	13	28	2196	0	0
0.806	1	2	81	7	14	28	2196	0	0
0.807	1	14	81	8	15	28	2196	0	0
0.808	1	11	81	9	16	28	2196	0	0
0.809	1	17	81	10	27	28	2196	0	0
0.81	1	19	82	1	28	28	2196	0	0
0.811	1	3	82	2	29	28	2196	0	0
0.812	1	18	82	3	30	28	2196	0	0
0.813	1	9	82	4	36	28	2196	0	0
0.814	1	10	82	5	37	28	2196	0	0
0.815	1	7	82	6	38	28	2196	0	0
0.816	1	6	82	7	39	28	2196	0	0
0.817	1	4	82	8	42	28	2196	0	0
0.818	1	8	82	9	43	28	2196	0	0
0.819	1	16	82	10	44	28	2196	0	0
0.82	1	15	83	1	45	28	2196	0	0
0.821	1	5	83	2	1	28	2196	0	0
0.822	1	12	83	3	2	28	2196	0	0
0.823	1	1	83	4	3	28	2196	0	0
0.824	1	13	83	5	4	28	2196	0	0
0.825	1	20	83	6	13	28	2196	0	0
0.826	1	2	83	7	14	28	2196	0	0
0.827	1	14	83	8	15	28	2196	0	0
0.828	1	11	83	9	16	28	2196	0	0
0.829	1	17	83	10	27	28	2196	0	0
0.83	1	19	84	1	28	28	2196	0	0
0.831	1	3	84	2	29	28	2196	0	0
0.832	1	18	84	3	30	28	2196	0	0
0.833	1	9	84	4	36	28	2196	0	0
0.834	1	10	84	5	37	28	2196	0	0
0.835	1	7	84	6	38	28	2196	0	0
0.836	1	6	84	7	39	28	2196	0	0
0.837	1	4	84	8	42	28	2196	0	0
0.838	1	8	84	9	43	28	2196	0	0
0.839	1	16	84	10	44	28	2196	0	0
0.84	1	15	85	1	45	28	2196	0	0
0.841	1	5	85	2	1	28	2196	0	0
0.842	1	12	85	3	2	28	2196	0	0
0.843	1	1	85	4	3	28	2196	0	0
0.844	1	13	85	5	4	28	2196	0	0
0.845	1	20	85	6	13	28	2196	0	0
0.846	1	2	85	7	14	28	2196	0	0
0.847	1	14	85	8	15	28	2196	0	0
0.848	1	11	85	9	16	28	2196	0	0
0.849	1	17	85	10	27	28	2196	0	0
0.85	1	19	86	1	28	28	2196	0	0
0.851	1	3	86	2	29	28	2196	0	0
0.852	1	18	86	3	30	28	2196	0	0
0.853	1	9	86	4	36	28	2196	0	0
0.854	1	10	86	5	37	28	2196	0	0
0.855	1	7	86	6	38	28	2196	0	0
0.856	1	6	86	7	39	28	2196	0	0
0.857	1	4	86	8	42	28	2196	0	0
0.858	1	8	86	9	43	28	2196	0	0
0.859	1	16	86	10	44	28	2196	0	0
0.86	1	15	87	1	45	28	2196	0	0
0.861	1	5	87	2	1	28	2196	0	0
0.862	1	12	87	3	2	28	2196	0	0
0.863	1	1	87	4	3	28	2196	0	0
0.864	1	13	87	5	4	28	2196	0	0
0.865	1	20	87	6	13	28	2196	0	0
0.866	1	2	87	7	14	28	2196	0	0
0.867	1	14	87	8	15	28	2196	0	0
0.868	1	11	87	9	16	28	2196	0	0
0.869	1	17	87	10	27	28	2196	0	0
0.87	1	19	88	1	28	28	2196	0	0
0.871	1	3	88	2	29	28	2196	0	0
0.872	1	18	88	3	30	28	2196	0	0
0.873	1	9	88	4	36	28	2196	0	0
0.874	1	10	88	5	37	28	2196	0	0
0.875	1	7	88	6	38	28	2196	0	0
0.876	1	6	88	7	39	28	2196	0	0
0.877	1	4	88	8	42	28	2196	0	0
0.878	1	8	88	9	43	28	2196	0	0
0.879	1	16	88	10	44	28	2196	0	0
0.88	1	15	89	1	45	28	2196	0	0
0.881	1	5	89	2	1	28	2196	0	0
0.882	1	12	89	3	2	28	2196	0	0
0.883	1	1	89	4	3	28	2196	0	0
0.884	1	13	89	5	4	28	2196	0	0
0.885	1	20	89	6	13	28	2196	0	0
0.886	1	2	89	7	14	28	2196	0	0
0.887	1	14	89	8	15	28	2196	0	0
0.888	1	11	89	9	16	28	2196	0	0
0.889	1	17	89	10	27	28	2196	0	0
0.89	1	19	90	1	28	28	2196	0	0
0.891	1	3	90	2	29	28	2196	0	0
0.892	1	18	90	3	30	28	2196	0	0
0.893	1	9	90	4	36	28	2196	0	0
0.894	1	10	90	5	37	28	2196	0	0
0.895	1	7	90	6	38	28	2196	0	0
0.896	1	6	90	7	39	28	2196	0	0
0.897	1	4	90	8	42	28	2196	0	0
0.898	1	8	90	9	43	28	2196	0	0
0.899	1	16	90	10	44	28	2196	0	0
0.9	1	15	91	1	45	28	2196	0	0
0.901	1	5	91	2	1	28	2196	0	0
0.902	1	12	91	3	2	28	2196	0	0
0.903	1	1	91	4	3	28	2196	0	0
0.904	1	13	91	5	4	28	2196	0	0
0.905	1	20	91	6	13	28	2196	0	0
0.906	1	2	91	7	14	28	2196	0	0
0.907	1	14	91	8	15	28	2196	0	0
0.908	1	11	91	9	16	28	2196	0	0
0.909	1	17	91	10	27	28	2196	0	0
0.91	1	19	92	1	28	28	2196	0	0
0.911	1	3	92	2	29	28	2196	0	0
0.912	1	18	92	3	30	28	2196	0	0
0.913	1	9	92	4	36	28	2196	0	0
0.914	1	10	92	5	37	28	2196	0	0
0.915	1	7	92	6	38	28	2196	0	0
0.916	1	6	92	7	39	28	2196	0	0
0.917	1	4	92	8	42	28	2196	0	0
0.918	1	8	92	9	43	28	2196	0	0
0.919	1	16	92	10	44	28	2196	0	0
0.92	1	15	93	1	45	28	2196	0	0
0.921	1	5	93	2	1	28	2196	0	0
0.922	1	12	93	3	2	28	2196	0	0
0.923	1	1	93	4	3	28	2196	0	0
0.924	1	13	93	5	4	28	2196	0	0
0.925	1	20	93	6	13	28	2196	0	0
0.926	1	2	93	7	14	28	2196	0	0
0.927	1	14	93	8	15	28	2196	0	0
0.928	1	11	93	9	16	28	2196	0	0
0.929	1	17	93	10	27	28	2196	0	0
0.93	1	19	94	1	28	28	2196	0	0
0.931	1	3	94	2	29	28	2196	0	0
0.932	1	18	94	3	30	28	2196	0	0
0.933	1	9	94	4	36	28	2196	0	0
0.934	1	10	94	5	37	28	2196	0	0
0.935	1	7	94	6	38	28	2196	0	0
0.936	1	6	94	7	39	28	2196	0	0
0.937	1	4	94	8	42	28	2196	0	0
0.938	1	8	94	9	43	28	2196	0	0
0.939	1	16	94	10	44	28	2196	0	0
0.94	1	15	95	1	45	28	2196	0	0
0.941	1	5	95	2	1	28	2196	0	0
0.942	1	12	95	3	2	28	2196	0	0
0.943	1	1	95	4	3	28	2196	0	0
0.944	1	13	95	5	4	28	2196	0	0
0.945	1	20	95	6	13	28	2196	0	0
0.946	1	2	95	7	14	28	2196	0	0
0.947	1	14	95	8	15	28	2196	0	0
0.948	1	11	95	9	16	28	2196	0	0
0.949	1	17	95	10	27	28	2196	0	0
0.95	1	19	96	1	28	28	2196	0	0
0.951	1	3	96	2	29	28	2196	0	0
0.952	1	18	96	3	30	28	2196	0	0
0.953	1	9	96	4	36	28	2196	0	0
0.954	1	10	96	5	37	28	2196	0	0
0.955	1	7	96	6	38	28	2196	0	0
0.956	1	6	96	7	39	28	2196	0	0
0.957	1	4	96	8	42	28	2196	0	0
0.958	1	8	96	9	43	28	2196	0	0
0.959	1	16	96	10	44	28	2196	0	0
0.96	1	15	97	1	45	28	2196	0	0
0.961	1	5	97	2	1	28	2196	0	0
0.962	1	12	97	3	2	28	2196	0	0
0.963	1	1	97	4	3	28	2196	0	0
0.964	1	13	97	5	4	28	2196	0	0
0.965	1	20	97	6	13	28	2196	0	0
0.966	1	2	97	7	14	28	2196	0	0
0.967	1	14	97	8	15	28	2196	0	0
0.968	1	11	97	9	16	28	2196	0	0
0.969	1	17	97	10	27	28	2196	0	0
0.97	1	19	98	1	28	28	2196	0	0
0.971	1	3	98	2	29	28	2196	0	0
0.972	1	18	98	3	30	28	2196	0	0
0.973	1	9	98	4	36	28	2196	0	0
0.974	1	10	98	5	37	28	2196	0	0
0.975	1	7	98	6	38	28	2196	0	0
0.976	1	6	98	7	39	28	2196	0	0
0.977	1	4	98	8	42	28	2196	0	0
0.978	1	8	98	9	43	28	2196	0	0
0.979	1	16	98	10	44	28	2196	0	0
0.98	1	15	99	1	45	28	2196	0	0
0.981	1	5	99	2	1	28	2196	0	0
0.982	1	12	99	3	2	28	2196	0	0
0.983	1	1	99	4	3	28	2196	0	0
0.984	1	13	99	5	4	28	2196	0	0
0.985	1	20	99	6	13	28	2196	0	0
0.986	1	2	99	7	14	28	2196	0	0
0.987	1	14	99	8	15	28	2196	0	0
0.988	1	11	99	9	16	28	2196	0	0
0.989	1	17	99	10	27	28	2196	0	0
0.99	1	19	100	1	28	28	2196	0	0
0.991	1	3	100	2	29	28	2196	0	0
0.992	1	18	100	3	30	28	2196	0	0
0.993	1	9	100	4	36	28	2196	0	0
0.994	1	10	100	5	37	28	2196	0	0
0.995	1	7	100	6	38	28	2196	0	0
0.996	1	6	100	7	39	28	2196	0	0
0.997	1	4	100	8	42	28	2196	0	0
0.998	1	8	100	9	43	28	2196	0	0
0.999	1	16	100	10	44	28	2196	0	0
