% time	cellId	IMSI	RNTI	layer	mcs	size	rv	ndi
23	1	5	1	0	0	81	0	1
24	1	12	2	0	0	81	0	1
25	1	1	3	0	0	81	0	1
26	1	13	4	0	0	81	0	1
27	1	5	1	0	0	81	0	1
28	1	20	13	0	0	81	0	1
29	1	2	14	0	0	81	0	1
30	1	14	15	0	0	81	0	1
31	1	11	16	0	0	81	0	1
32	1	12	2	0	28	2196	0	1
33	1	1	3	0	28	2196	0	1
34	1	17	27	0	0	81	0	1
35	1	19	28	0	0	81	0	1
36	1	3	29	0	0	81	0	1
37	1	18	30	0	0	81	0	1
38	1	13	4	0	28	2196	0	1
39	1	20	13	0	28	2196	0	1
40	1	9	36	0	0	81	0	1
41	1	10	37	0	0	81	0	1
42	1	7	38	0	0	81	0	1
43	1	6	39	0	0	81	0	1
44	1	2	14	0	28	2196	0	1
45	1	14	15	0	28	2196	0	1
46	1	4	42	0	0	81	0	1
47	1	8	43	0	0	81	0	1
48	1	16	44	0	0	81	0	1
49	1	15	45	0	0	81	0	1
50	1	11	16	0	28	2196	0	1
51	1	17	27	0	28	2196	0	1
52	1	19	28	0	28	2196	0	1
53	1	3	29	0	28	2196	0	1
54	1	18	30	0	28	2196	0	1
55	1	9	36	0	28	2196	0	1
56	1	10	37	0	28	2196	0	1
57	1	7	38	0	28	2196	0	1
58	1	6	39	0	28	2196	0	1
59	1	4	42	0	28	2196	0	1
60	1	8	43	0	28	2196	0	1
61	1	16	44	0	28	2196	0	1
62	1	15	45	0	28	2196	0	1
63	1	5	1	0	28	2196	0	1
64	1	12	2	0	28	2196	0	1
65	1	1	3	0	28	2196	0	1
66	1	13	4	0	28	2196	0	1
67	1	20	13	0	28	2196	0	1
68	1	2	14	0	28	2196	0	1
69	1	14	15	0	28	2196	0	1
70	1	11	16	0	28	2196	0	1
71	1	17	27	0	28	2196	0	1
72	1	19	28	0	28	2196	0	1
73	1	3	29	0	28	2196	0	1
74	1	18	30	0	28	2196	0	1
75	1	9	36	0	28	2196	0	1
76	1	10	37	0	28	2196	0	1
77	1	7	38	0	28	2196	0	1
78	1	6	39	0	28	2196	0	1
79	1	4	42	0	28	2196	0	1
80	1	8	43	0	28	2196	0	1
81	1	16	44	0	28	2196	0	1
82	1	15	45	0	28	2196	0	1
83	1	5	1	0	28	2196	0	1
84	1	12	2	0	28	2196	0	1
85	1	1	3	0	28	2196	0	1
86	1	13	4	0	28	2196	0	1
87	1	20	13	0	28	2196	0	1
88	1	2	14	0	28	2196	0	1
89	1	14	15	0	28	2196	0	1
90	1	11	16	0	28	2196	0	1
91	1	17	27	0	28	2196	0	1
92	1	19	28	0	28	2196	0	1
93	1	3	29	0	28	2196	0	1
94	1	18	30	0	28	2196	0	1
95	1	9	36	0	28	2196	0	1
96	1	10	37	0	28	2196	0	1
97	1	7	38	0	28	2196	0	1
98	1	6	39	0	28	2196	0	1
99	1	4	42	0	28	2196	0	1
100	1	8	43	0	28	2196	0	1
101	1	16	44	0	28	2196	0	1
102	1	15	45	0	28	2196	0	1
103	1	5	1	0	28	2196	0	1
104	1	12	2	0	28	2196	0	1
105	1	1	3	0	28	2196	0	1
106	1	13	4	0	28	2196	0	1
107	1	20	13	0	28	2196	0	1
108	1	2	14	0	28	2196	0	1
109	1	14	15	0	28	2196	0	1
110	1	11	16	0	28	2196	0	1
111	1	17	27	0	28	2196	0	1
112	1	19	28	0	28	2196	0	1
113	1	3	29	0	28	2196	0	1
114	1	18	30	0	28	2196	0	1
115	1	9	36	0	28	2196	0	1
116	1	10	37	0	28	2196	0	1
117	1	7	38	0	28	2196	0	1
118	1	6	39	0	28	2196	0	1
119	1	4	42	0	28	2196	0	1
120	1	8	43	0	28	2196	0	1
121	1	16	44	0	28	2196	0	1
122	1	15	45	0	28	2196	0	1
123	1	5	1	0	28	2196	0	1
124	1	12	2	0	28	2196	0	1
125	1	1	3	0	28	2196	0	1
126	1	13	4	0	28	2196	0	1
127	1	20	13	0	28	2196	0	1
128	1	2	14	0	28	2196	0	1
129	1	14	15	0	28	2196	0	1
130	1	11	16	0	28	2196	0	1
131	1	17	27	0	28	2196	0	1
132	1	19	28	0	28	2196	0	1
133	1	3	29	0	28	2196	0	1
134	1	18	30	0	28	2196	0	1
135	1	9	36	0	28	2196	0	1
136	1	10	37	0	28	2196	0	1
137	1	7	38	0	28	2196	0	1
138	1	6	39	0	28	2196	0	1
139	1	4	42	0	28	2196	0	1
140	1	8	43	0	28	2196	0	1
141	1	16	44	0	28	2196	0	1
142	1	15	45	0	28	2196	0	1
143	1	5	1	0	28	2196	0	1
144	1	12	2	0	28	2196	0	1
145	1	1	3	0	28	2196	0	1
146	1	13	4	0	28	2196	0	1
147	1	20	13	0	28	2196	0	1
148	1	2	14	0	28	2196	0	1
149	1	14	15	0	28	2196	0	1
150	1	11	16	0	28	2196	0	1
151	1	17	27	0	28	2196	0	1
152	1	19	28	0	28	2196	0	1
153	1	3	29	0	28	2196	0	1
154	1	18	30	0	28	2196	0	1
155	1	9	36	0	28	2196	0	1
156	1	10	37	0	28	2196	0	1
157	1	7	38	0	28	2196	0	1
158	1	6	39	0	28	2196	0	1
159	1	4	42	0	28	2196	0	1
160	1	8	43	0	28	2196	0	1
161	1	16	44	0	28	2196	0	1
162	1	15	45	0	28	2196	0	1
163	1	5	1	0	28	2196	0	1
164	1	12	2	0	28	2196	0	1
165	1	1	3	0	28	2196	0	1
166	1	13	4	0	28	2196	0	1
167	1	20	13	0	28	2196	0	1
168	1	2	14	0	28	2196	0	1
169	1	14	15	0	28	2196	0	1
170	1	11	16	0	28	2196	0	1
171	1	17	27	0	28	2196	0	1
172	1	19	28	0	28	2196	0	1
173	1	3	29	0	28	2196	0	1
174	1	18	30	0	28	2196	0	1
175	1	9	36	0	28	2196	0	1
176	1	10	37	0	28	2196	0	1
177	1	7	38	0	28	2196	0	1
178	1	6	39	0	28	2196	0	1
179	1	4	42	0	28	2196	0	1
180	1	8	43	0	28	2196	0	1
181	1	16	44	0	28	2196	0	1
182	1	15	45	0	28	2196	0	1
183	1	5	1	0	28	2196	0	1
184	1	12	2	0	28	2196	0	1
185	1	1	3	0	28	2196	0	1
186	1	13	4	0	28	2196	0	1
187	1	20	13	0	28	2196	0	1
188	1	2	14	0	28	2196	0	1
189	1	14	15	0	28	2196	0	1
190	1	11	16	0	28	2196	0	1
191	1	17	27	0	28	2196	0	1
192	1	19	28	0	28	2196	0	1
193	1	3	29	0	28	2196	0	1
194	1	18	30	0	28	2196	0	1
195	1	9	36	0	28	2196	0	1
196	1	10	37	0	28	2196	0	1
197	1	7	38	0	28	2196	0	1
198	1	6	39	0	28	2196	0	1
199	1	4	42	0	28	2196	0	1
200	1	8	43	0	28	2196	0	1
201	1	16	44	0	28	2196	0	1
202	1	15	45	0	28	2196	0	1
203	1	5	1	0	28	2196	0	1
204	1	12	2	0	28	2196	0	1
205	1	1	3	0	28	2196	0	1
206	1	13	4	0	28	2196	0	1
207	1	20	13	0	28	2196	0	1
208	1	2	14	0	28	2196	0	1
209	1	14	15	0	28	2196	0	1
210	1	11	16	0	28	2196	0	1
211	1	17	27	0	28	2196	0	1
212	1	19	28	0	28	2196	0	1
213	1	3	29	0	28	2196	0	1
214	1	18	30	0	28	2196	0	1
215	1	9	36	0	28	2196	0	1
216	1	10	37	0	28	2196	0	1
217	1	7	38	0	28	2196	0	1
218	1	6	39	0	28	2196	0	1
219	1	4	42	0	28	2196	0	1
220	1	8	43	0	28	2196	0	1
221	1	16	44	0	28	2196	0	1
222	1	15	45	0	28	2196	0	1
223	1	5	1	0	28	2196	0	1
224	1	12	2	0	28	2196	0	1
225	1	1	3	0	28	2196	0	1
226	1	13	4	0	28	2196	0	1
227	1	20	13	0	28	2196	0	1
228	1	2	14	0	28	2196	0	1
229	1	14	15	0	28	2196	0	1
230	1	11	16	0	28	2196	0	1
231	1	17	27	0	28	2196	0	1
232	1	19	28	0	28	2196	0	1
233	1	3	29	0	28	2196	0	1
234	1	18	30	0	28	2196	0	1
235	1	9	36	0	28	2196	0	1
236	1	10	37	0	28	2196	0	1
237	1	7	38	0	28	2196	0	1
238	1	6	39	0	28	2196	0	1
239	1	4	42	0	28	2196	0	1
240	1	8	43	0	28	2196	0	1
241	1	16	44	0	28	2196	0	1
242	1	15	45	0	28	2196	0	1
243	1	5	1	0	28	2196	0	1
244	1	12	2	0	28	2196	0	1
245	1	1	3	0	28	2196	0	1
246	1	13	4	0	28	2196	0	1
247	1	20	13	0	28	2196	0	1
248	1	2	14	0	28	2196	0	1
249	1	14	15	0	28	2196	0	1
250	1	11	16	0	28	2196	0	1
251	1	17	27	0	28	2196	0	1
252	1	19	28	0	28	2196	0	1
253	1	3	29	0	28	2196	0	1
254	1	18	30	0	28	2196	0	1
255	1	9	36	0	28	2196	0	1
256	1	10	37	0	28	2196	0	1
257	1	7	38	0	28	2196	0	1
258	1	6	39	0	28	2196	0	1
259	1	4	42	0	28	2196	0	1
260	1	8	43	0	28	2196	0	1
261	1	16	44	0	28	2196	0	1
262	1	15	45	0	28	2196	0	1
263	1	5	1	0	28	2196	0	1
264	1	12	2	0	28	2196	0	1
265	1	1	3	0	28	2196	0	1
266	1	13	4	0	28	2196	0	1
267	1	20	13	0	28	2196	0	1
268	1	2	14	0	28	2196	0	1
269	1	14	15	0	28	2196	0	1
270	1	11	16	0	28	2196	0	1
271	1	17	27	0	28	2196	0	1
272	1	19	28	0	28	2196	0	1
273	1	3	29	0	28	2196	0	1
274	1	18	30	0	28	2196	0	1
275	1	9	36	0	28	2196	0	1
276	1	10	37	0	28	2196	0	1
277	1	7	38	0	28	2196	0	1
278	1	6	39	0	28	2196	0	1
279	1	4	42	0	28	2196	0	1
280	1	8	43	0	28	2196	0	1
281	1	16	44	0	28	2196	0	1
282	1	15	45	0	28	2196	0	1
283	1	5	1	0	28	2196	0	1
284	1	12	2	0	28	2196	0	1
285	1	1	3	0	28	2196	0	1
286	1	13	4	0	28	2196	0	1
287	1	20	13	0	28	2196	0	1
288	1	2	14	0	28	2196	0	1
289	1	14	15	0	28	2196	0	1
290	1	11	16	0	28	2196	0	1
291	1	17	27	0	28	2196	0	1
292	1	19	28	0	28	2196	0	1
293	1	3	29	0	28	2196	0	1
294	1	18	30	0	28	2196	0	1
295	1	9	36	0	28	2196	0	1
296	1	10	37	0	28	2196	0	1
297	1	7	38	0	28	2196	0	1
298	1	6	39	0	28	2196	0	1
299	1	4	42	0	28	2196	0	1
300	1	8	43	0	28	2196	0	1
301	1	16	44	0	28	2196	0	1
302	1	15	45	0	28	2196	0	1
303	1	5	1	0	28	2196	0	1
304	1	12	2	0	28	2196	0	1
305	1	1	3	0	28	2196	0	1
306	1	13	4	0	28	2196	0	1
307	1	20	13	0	28	2196	0	1
308	1	2	14	0	28	2196	0	1
309	1	14	15	0	28	2196	0	1
310	1	11	16	0	28	2196	0	1
311	1	17	27	0	28	2196	0	1
312	1	19	28	0	28	2196	0	1
313	1	3	29	0	28	2196	0	1
314	1	18	30	0	28	2196	0	1
315	1	9	36	0	28	2196	0	1
316	1	10	37	0	28	2196	0	1
317	1	7	38	0	28	2196	0	1
318	1	6	39	0	28	2196	0	1
319	1	4	42	0	28	2196	0	1
320	1	8	43	0	28	2196	0	1
321	1	16	44	0	28	2196	0	1
322	1	15	45	0	28	2196	0	1
323	1	5	1	0	28	2196	0	1
324	1	12	2	0	28	2196	0	1
325	1	1	3	0	28	2196	0	1
326	1	13	4	0	28	2196	0	1
327	1	20	13	0	28	2196	0	1
328	1	2	14	0	28	2196	0	1
329	1	14	15	0	28	2196	0	1
330	1	11	16	0	28	2196	0	1
331	1	17	27	0	28	2196	0	1
332	1	19	28	0	28	2196	0	1
333	1	3	29	0	28	2196	0	1
334	1	18	30	0	28	2196	0	1
335	1	9	36	0	28	2196	0	1
336	1	10	37	0	28	2196	0	1
337	1	7	38	0	28	2196	0	1
338	1	6	39	0	28	2196	0	1
339	1	4	42	0	28	2196	0	1
340	1	8	43	0	28	2196	0	1
341	1	16	44	0	28	2196	0	1
342	1	15	45	0	28	2196	0	1
343	1	5	1	0	28	2196	0	1
344	1	12	2	0	28	2196	0	1
345	1	1	3	0	28	2196	0	1
346	1	13	4	0	28	2196	0	1
347	1	20	13	0	28	2196	0	1
348	1	2	14	0	28	2196	0	1
349	1	14	15	0	28	2196	0	1
350	1	11	16	0	28	2196	0	1
351	1	17	27	0	28	2196	0	1
352	1	19	28	0	28	2196	0	1
353	1	3	29	0	28	2196	0	1
354	1	18	30	0	28	2196	0	1
355	1	9	36	0	28	2196	0	1
356	1	10	37	0	28	2196	0	1
357	1	7	38	0	28	2196	0	1
358	1	6	39	0	28	2196	0	1
359	1	4	42	0	28	2196	0	1
360	1	8	43	0	28	2196	0	1
361	1	16	44	0	28	2196	0	1
362	1	15	45	0	28	2196	0	1
363	1	5	1	0	28	2196	0	1
364	1	12	2	0	28	2196	0	1
365	1	1	3	0	28	2196	0	1
366	1	13	4	0	28	2196	0	1
367	1	20	13	0	28	2196	0	1
368	1	2	14	0	28	2196	0	1
369	1	14	15	0	28	2196	0	1
370	1	11	16	0	28	2196	0	1
371	1	17	27	0	28	2196	0	1
372	1	19	28	0	28	2196	0	1
373	1	3	29	0	28	2196	0	1
374	1	18	30	0	28	2196	0	1
375	1	9	36	0	28	2196	0	1
376	1	10	37	0	28	2196	0	1
377	1	7	38	0	28	2196	0	1
378	1	6	39	0	28	2196	0	1
379	1	4	42	0	28	2196	0	1
380	1	8	43	0	28	2196	0	1
381	1	16	44	0	28	2196	0	1
382	1	15	45	0	28	2196	0	1
383	1	5	1	0	28	2196	0	1
384	1	12	2	0	28	2196	0	1
385	1	1	3	0	28	2196	0	1
386	1	13	4	0	28	2196	0	1
387	1	20	13	0	28	2196	0	1
388	1	2	14	0	28	2196	0	1
389	1	14	15	0	28	2196	0	1
390	1	11	16	0	28	2196	0	1
391	1	17	27	0	28	2196	0	1
392	1	19	28	0	28	2196	0	1
393	1	3	29	0	28	2196	0	1
394	1	18	30	0	28	2196	0	1
395	1	9	36	0	28	2196	0	1
396	1	10	37	0	28	2196	0	1
397	1	7	38	0	28	2196	0	1
398	1	6	39	0	28	2196	0	1
399	1	4	42	0	28	2196	0	1
400	1	8	43	0	28	2196	0	1
401	1	16	44	0	28	2196	0	1
402	1	15	45	0	28	2196	0	1
403	1	5	1	0	28	2196	0	1
404	1	12	2	0	28	2196	0	1
405	1	1	3	0	28	2196	0	1
406	1	13	4	0	28	2196	0	1
407	1	20	13	0	28	2196	0	1
408	1	2	14	0	28	2196	0	1
409	1	14	15	0	28	2196	0	1
410	1	11	16	0	28	2196	0	1
411	1	17	27	0	28	2196	0	1
412	1	19	28	0	28	2196	0	1
413	1	3	29	0	28	2196	0	1
414	1	18	30	0	28	2196	0	1
415	1	9	36	0	28	2196	0	1
416	1	10	37	0	28	2196	0	1
417	1	7	38	0	28	2196	0	1
418	1	6	39	0	28	2196	0	1
419	1	4	42	0	28	2196	0	1
420	1	8	43	0	28	2196	0	1
421	1	16	44	0	28	2196	0	1
422	1	15	45	0	28	2196	0	1
423	1	5	1	0	28	2196	0	1
424	1	12	2	0	28	2196	0	1
425	1	1	3	0	28	2196	0	1
426	1	13	4	0	28	2196	0	1
427	1	20	13	0	28	2196	0	1
428	1	2	14	0	28	2196	0	1
429	1	14	15	0	28	2196	0	1
430	1	11	16	0	28	2196	0	1
431	1	17	27	0	28	2196	0	1
432	1	19	28	0	28	2196	0	1
433	1	3	29	0	28	2196	0	1
434	1	18	30	0	28	2196	0	1
435	1	9	36	0	28	2196	0	1
436	1	10	37	0	28	2196	0	1
437	1	7	38	0	28	2196	0	1
438	1	6	39	0	28	2196	0	1
439	1	4	42	0	28	2196	0	1
440	1	8	43	0	28	2196	0	1
441	1	16	44	0	28	2196	0	1
442	1	15	45	0	28	2196	0	1
443	1	5	1	0	28	2196	0	1
444	1	12	2	0	28	2196	0	1
445	1	1	3	0	28	2196	0	1
446	1	13	4	0	28	2196	0	1
447	1	20	13	0	28	2196	0	1
448	1	2	14	0	28	2196	0	1
449	1	14	15	0	28	2196	0	1
450	1	11	16	0	28	2196	0	1
451	1	17	27	0	28	2196	0	1
452	1	19	28	0	28	2196	0	1
453	1	3	29	0	28	2196	0	1
454	1	18	30	0	28	2196	0	1
455	1	9	36	0	28	2196	0	1
456	1	10	37	0	28	2196	0	1
457	1	7	38	0	28	2196	0	1
458	1	6	39	0	28	2196	0	1
459	1	4	42	0	28	2196	0	1
460	1	8	43	0	28	2196	0	1
461	1	16	44	0	28	2196	0	1
462	1	15	45	0	28	2196	0	1
463	1	5	1	0	28	2196	0	1
464	1	12	2	0	28	2196	0	1
465	1	1	3	0	28	2196	0	1
466	1	13	4	0	28	2196	0	1
467	1	20	13	0	28	2196	0	1
468	1	2	14	0	28	2196	0	1
469	1	14	15	0	28	2196	0	1
470	1	11	16	0	28	2196	0	1
471	1	17	27	0	28	2196	0	1
472	1	19	28	0	28	2196	0	1
473	1	3	29	0	28	2196	0	1
474	1	18	30	0	28	2196	0	1
475	1	9	36	0	28	2196	0	1
476	1	10	37	0	28	2196	0	1
477	1	7	38	0	28	2196	0	1
478	1	6	39	0	28	2196	0	1
479	1	4	42	0	28	2196	0	1
480	1	8	43	0	28	2196	0	1
481	1	16	44	0	28	2196	0	1
482	1	15	45	0	28	2196	0	1
483	1	5	1	0	28	2196	0	1
484	1	12	2	0	28	2196	0	1
485	1	1	3	0	28	2196	0	1
486	1	13	4	0	28	2196	0	1
487	1	20	13	0	28	2196	0	1
488	1	2	14	0	28	2196	0	1
489	1	14	15	0	28	2196	0	1
490	1	11	16	0	28	2196	0	1
491	1	17	27	0	28	2196	0	1
492	1	19	28	0	28	2196	0	1
493	1	3	29	0	28	2196	0	1
494	1	18	30	0	28	2196	0	1
495	1	9	36	0	28	2196	0	1
496	1	10	37	0	28	2196	0	1
497	1	7	38	0	28	2196	0	1
498	1	6	39	0	28	2196	0	1
499	1	4	42	0	28	2196	0	1
500	1	8	43	0	28	2196	0	1
501	1	16	44	0	28	2196	0	1
502	1	15	45	0	28	2196	0	1
503	1	5	1	0	28	2196	0	1
504	1	12	2	0	28	2196	0	1
505	1	1	3	0	28	2196	0	1
506	1	13	4	0	28	2196	0	1
507	1	20	13	0	28	2196	0	1
508	1	2	14	0	28	2196	0	1
509	1	14	15	0	28	2196	0	1
510	1	11	16	0	28	2196	0	1
511	1	17	27	0	28	2196	0	1
512	1	19	28	0	28	2196	0	1
513	1	3	29	0	28	2196	0	1
514	1	18	30	0	28	2196	0	1
515	1	9	36	0	28	2196	0	1
516	1	10	37	0	28	2196	0	1
517	1	7	38	0	28	2196	0	1
518	1	6	39	0	28	2196	0	1
519	1	4	42	0	28	2196	0	1
520	1	8	43	0	28	2196	0	1
521	1	16	44	0	28	2196	0	1
522	1	15	45	0	28	2196	0	1
523	1	5	1	0	28	2196	0	1
524	1	12	2	0	28	2196	0	1
525	1	1	3	0	28	2196	0	1
526	1	13	4	0	28	2196	0	1
527	1	20	13	0	28	2196	0	1
528	1	2	14	0	28	2196	0	1
529	1	14	15	0	28	2196	0	1
530	1	11	16	0	28	2196	0	1
531	1	17	27	0	28	2196	0	1
532	1	19	28	0	28	2196	0	1
533	1	3	29	0	28	2196	0	1
534	1	18	30	0	28	2196	0	1
535	1	9	36	0	28	2196	0	1
536	1	10	37	0	28	2196	0	1
537	1	7	38	0	28	2196	0	1
538	1	6	39	0	28	2196	0	1
539	1	4	42	0	28	2196	0	1
540	1	8	43	0	28	2196	0	1
541	1	16	44	0	28	2196	0	1
542	1	15	45	0	28	2196	0	1
543	1	5	1	0	28	2196	0	1
544	1	12	2	0	28	2196	0	1
545	1	1	3	0	28	2196	0	1
546	1	13	4	0	28	2196	0	1
547	1	20	13	0	28	2196	0	1
548	1	2	14	0	28	2196	0	1
549	1	14	15	0	28	2196	0	1
550	1	11	16	0	28	2196	0	1
551	1	17	27	0	28	2196	0	1
552	1	19	28	0	28	2196	0	1
553	1	3	29	0	28	2196	0	1
554	1	18	30	0	28	2196	0	1
555	1	9	36	0	28	2196	0	1
556	1	10	37	0	28	2196	0	1
557	1	7	38	0	28	2196	0	1
558	1	6	39	0	28	2196	0	1
559	1	4	42	0	28	2196	0	1
560	1	8	43	0	28	2196	0	1
561	1	16	44	0	28	2196	0	1
562	1	15	45	0	28	2196	0	1
563	1	5	1	0	28	2196	0	1
564	1	12	2	0	28	2196	0	1
565	1	1	3	0	28	2196	0	1
566	1	13	4	0	28	2196	0	1
567	1	20	13	0	28	2196	0	1
568	1	2	14	0	28	2196	0	1
569	1	14	15	0	28	2196	0	1
570	1	11	16	0	28	2196	0	1
571	1	17	27	0	28	2196	0	1
572	1	19	28	0	28	2196	0	1
573	1	3	29	0	28	2196	0	1
574	1	18	30	0	28	2196	0	1
575	1	9	36	0	28	2196	0	1
576	1	10	37	0	28	2196	0	1
577	1	7	38	0	28	2196	0	1
578	1	6	39	0	28	2196	0	1
579	1	4	42	0	28	2196	0	1
580	1	8	43	0	28	2196	0	1
581	1	16	44	0	28	2196	0	1
582	1	15	45	0	28	2196	0	1
583	1	5	1	0	28	2196	0	1
584	1	12	2	0	28	2196	0	1
585	1	1	3	0	28	2196	0	1
586	1	13	4	0	28	2196	0	1
587	1	20	13	0	28	2196	0	1
588	1	2	14	0	28	2196	0	1
589	1	14	15	0	28	2196	0	1
590	1	11	16	0	28	2196	0	1
591	1	17	27	0	28	2196	0	1
592	1	19	28	0	28	2196	0	1
593	1	3	29	0	28	2196	0	1
594	1	18	30	0	28	2196	0	1
595	1	9	36	0	28	2196	0	1
596	1	10	37	0	28	2196	0	1
597	1	7	38	0	28	2196	0	1
598	1	6	39	0	28	2196	0	1
599	1	4	42	0	28	2196	0	1
600	1	8	43	0	28	2196	0	1
601	1	16	44	0	28	2196	0	1
602	1	15	45	0	28	2196	0	1
603	1	5	1	0	28	2196	0	1
604	1	12	2	0	28	2196	0	1
605	1	1	3	0	28	2196	0	1
606	1	13	4	0	28	2196	0	1
607	1	20	13	0	28	2196	0	1
608	1	2	14	0	28	2196	0	1
609	1	14	15	0	28	2196	0	1
610	1	11	16	0	28	2196	0	1
611	1	17	27	0	28	2196	0	1
612	1	19	28	0	28	2196	0	1
613	1	3	29	0	28	2196	0	1
614	1	18	30	0	28	2196	0	1
615	1	9	36	0	28	2196	0	1
616	1	10	37	0	28	2196	0	1
617	1	7	38	0	28	2196	0	1
618	1	6	39	0	28	2196	0	1
619	1	4	42	0	28	2196	0	1
620	1	8	43	0	28	2196	0	1
621	1	16	44	0	28	2196	0	1
622	1	15	45	0	28	2196	0	1
623	1	5	1	0	28	2196	0	1
624	1	12	2	0	28	2196	0	1
625	1	1	3	0	28	2196	0	1
626	1	13	4	0	28	2196	0	1
627	1	20	13	0	28	2196	0	1
628	1	2	14	0	28	2196	0	1
629	1	14	15	0	28	2196	0	1
630	1	11	16	0	28	2196	0	1
631	1	17	27	0	28	2196	0	1
632	1	19	28	0	28	2196	0	1
633	1	3	29	0	28	2196	0	1
634	1	18	30	0	28	2196	0	1
635	1	9	36	0	28	2196	0	1
636	1	10	37	0	28	2196	0	1
637	1	7	38	0	28	2196	0	1
638	1	6	39	0	28	2196	0	1
639	1	4	42	0	28	2196	0	1
640	1	8	43	0	28	2196	0	1
641	1	16	44	0	28	2196	0	1
642	1	15	45	0	28	2196	0	1
643	1	5	1	0	28	2196	0	1
644	1	12	2	0	28	2196	0	1
645	1	1	3	0	28	2196	0	1
646	1	13	4	0	28	2196	0	1
647	1	20	13	0	28	2196	0	1
648	1	2	14	0	28	2196	0	1
649	1	14	15	0	28	2196	0	1
650	1	11	16	0	28	2196	0	1
651	1	17	27	0	28	2196	0	1
652	1	19	28	0	28	2196	0	1
653	1	3	29	0	28	2196	0	1
654	1	18	30	0	28	2196	0	1
655	1	9	36	0	28	2196	0	1
656	1	10	37	0	28	2196	0	1
657	1	7	38	0	28	2196	0	1
658	1	6	39	0	28	2196	0	1
659	1	4	42	0	28	2196	0	1
660	1	8	43	0	28	2196	0	1
661	1	16	44	0	28	2196	0	1
662	1	15	45	0	28	2196	0	1
663	1	5	1	0	28	2196	0	1
664	1	12	2	0	28	2196	0	1
665	1	1	3	0	28	2196	0	1
666	1	13	4	0	28	2196	0	1
667	1	20	13	0	28	2196	0	1
668	1	2	14	0	28	2196	0	1
669	1	14	15	0	28	2196	0	1
670	1	11	16	0	28	2196	0	1
671	1	17	27	0	28	2196	0	1
672	1	19	28	0	28	2196	0	1
673	1	3	29	0	28	2196	0	1
674	1	18	30	0	28	2196	0	1
675	1	9	36	0	28	2196	0	1
676	1	10	37	0	28	2196	0	1
677	1	7	38	0	28	2196	0	1
678	1	6	39	0	28	2196	0	1
679	1	4	42	0	28	2196	0	1
680	1	8	43	0	28	2196	0	1
681	1	16	44	0	28	2196	0	1
682	1	15	45	0	28	2196	0	1
683	1	5	1	0	28	2196	0	1
684	1	12	2	0	28	2196	0	1
685	1	1	3	0	28	2196	0	1
686	1	13	4	0	28	2196	0	1
687	1	20	13	0	28	2196	0	1
688	1	2	14	0	28	2196	0	1
689	1	14	15	0	28	2196	0	1
690	1	11	16	0	28	2196	0	1
691	1	17	27	0	28	2196	0	1
692	1	19	28	0	28	2196	0	1
693	1	3	29	0	28	2196	0	1
694	1	18	30	0	28	2196	0	1
695	1	9	36	0	28	2196	0	1
696	1	10	37	0	28	2196	0	1
697	1	7	38	0	28	2196	0	1
698	1	6	39	0	28	2196	0	1
699	1	4	42	0	28	2196	0	1
700	1	8	43	0	28	2196	0	1
701	1	16	44	0	28	2196	0	1
702	1	15	45	0	28	2196	0	1
703	1	5	1	0	28	2196	0	1
704	1	12	2	0	28	2196	0	1
705	1	1	3	0	28	2196	0	1
706	1	13	4	0	28	2196	0	1
707	1	20	13	0	28	2196	0	1
708	1	2	14	0	28	2196	0	1
709	1	14	15	0	28	2196	0	1
710	1	11	16	0	28	2196	0	1
711	1	17	27	0	28	2196	0	1
712	1	19	28	0	28	2196	0	1
713	1	3	29	0	28	2196	0	1
714	1	18	30	0	28	2196	0	1
715	1	9	36	0	28	2196	0	1
716	1	10	37	0	28	2196	0	1
717	1	7	38	0	28	2196	0	1
718	1	6	39	0	28	2196	0	1
719	1	4	42	0	28	2196	0	1
720	1	8	43	0	28	2196	0	1
721	1	16	44	0	28	2196	0	1
722	1	15	45	0	28	2196	0	1
723	1	5	1	0	28	2196	0	1
724	1	12	2	0	28	2196	0	1
725	1	1	3	0	28	2196	0	1
726	1	13	4	0	28	2196	0	1
727	1	20	13	0	28	2196	0	1
728	1	2	14	0	28	2196	0	1
729	1	14	15	0	28	2196	0	1
730	1	11	16	0	28	2196	0	1
731	1	17	27	0	28	2196	0	1
732	1	19	28	0	28	2196	0	1
733	1	3	29	0	28	2196	0	1
734	1	18	30	0	28	2196	0	1
735	1	9	36	0	28	2196	0	1
736	1	10	37	0	28	2196	0	1
737	1	7	38	0	28	2196	0	1
738	1	6	39	0	28	2196	0	1
739	1	4	42	0	28	2196	0	1
740	1	8	43	0	28	2196	0	1
741	1	16	44	0	28	2196	0	1
742	1	15	45	0	28	2196	0	1
743	1	5	1	0	28	2196	0	1
744	1	12	2	0	28	2196	0	1
745	1	1	3	0	28	2196	0	1
746	1	13	4	0	28	2196	0	1
747	1	20	13	0	28	2196	0	1
748	1	2	14	0	28	2196	0	1
749	1	14	15	0	28	2196	0	1
750	1	11	16	0	28	2196	0	1
751	1	17	27	0	28	2196	0	1
752	1	19	28	0	28	2196	0	1
753	1	3	29	0	28	2196	0	1
754	1	18	30	0	28	2196	0	1
755	1	9	36	0	28	2196	0	1
756	1	10	37	0	28	2196	0	1
757	1	7	38	0	28	2196	0	1
758	1	6	39	0	28	2196	0	1
759	1	4	42	0	28	2196	0	1
760	1	8	43	0	28	2196	0	1
761	1	16	44	0	28	2196	0	1
762	1	15	45	0	28	2196	0	1
763	1	5	1	0	28	2196	0	1
764	1	12	2	0	28	2196	0	1
765	1	1	3	0	28	2196	0	1
766	1	13	4	0	28	2196	0	1
767	1	20	13	0	28	2196	0	1
768	1	2	14	0	28	2196	0	1
769	1	14	15	0	28	2196	0	1
770	1	11	16	0	28	2196	0	1
771	1	17	27	0	28	2196	0	1
772	1	19	28	0	28	2196	0	1
773	1	3	29	0	28	2196	0	1
774	1	18	30	0	28	2196	0	1
775	1	9	36	0	28	2196	0	1
776	1	10	37	0	28	2196	0	1
777	1	7	38	0	28	2196	0	1
778	1	6	39	0	28	2196	0	1
779	1	4	42	0	28	2196	0	1
780	1	8	43	0	28	2196	0	1
781	1	16	44	0	28	2196	0	1
782	1	15	45	0	28	2196	0	1
783	1	5	1	0	28	2196	0	1
784	1	12	2	0	28	2196	0	1
785	1	1	3	0	28	2196	0	1
786	1	13	4	0	28	2196	0	1
787	1	20	13	0	28	2196	0	1
788	1	2	14	0	28	2196	0	1
789	1	14	15	0	28	2196	0	1
790	1	11	16	0	28	2196	0	1
791	1	17	27	0	28	2196	0	1
792	1	19	28	0	28	2196	0	1
793	1	3	29	0	28	2196	0	1
794	1	18	30	0	28	2196	0	1
795	1	9	36	0	28	2196	0	1
796	1	10	37	0	28	2196	0	1
797	1	7	38	0	28	2196	0	1
798	1	6	39	0	28	2196	0	1
799	1	4	42	0	28	2196	0	1
800	1	8	43	0	28	2196	0	1
801	1	16	44	0	28	2196	0	1
802	1	15	45	0	28	2196	0	1
803	1	5	1	0	28	2196	0	1
804	1	12	2	0	28	2196	0	1
805	1	1	3	0	28	2196	0	1
806	1	13	4	0	28	2196	0	1
807	1	20	13	0	28	2196	0	1
808	1	2	14	0	28	2196	0	1
809	1	14	15	0	28	2196	0	1
810	1	11	16	0	28	2196	0	1
811	1	17	27	0	28	2196	0	1
812	1	19	28	0	28	2196	0	1
813	1	3	29	0	28	2196	0	1
814	1	18	30	0	28	2196	0	1
815	1	9	36	0	28	2196	0	1
816	1	10	37	0	28	2196	0	1
817	1	7	38	0	28	2196	0	1
818	1	6	39	0	28	2196	0	1
819	1	4	42	0	28	2196	0	1
820	1	8	43	0	28	2196	0	1
821	1	16	44	0	28	2196	0	1
822	1	15	45	0	28	2196	0	1
823	1	5	1	0	28	2196	0	1
824	1	12	2	0	28	2196	0	1
825	1	1	3	0	28	2196	0	1
826	1	13	4	0	28	2196	0	1
827	1	20	13	0	28	2196	0	1
828	1	2	14	0	28	2196	0	1
829	1	14	15	0	28	2196	0	1
830	1	11	16	0	28	2196	0	1
831	1	17	27	0	28	2196	0	1
832	1	19	28	0	28	2196	0	1
833	1	3	29	0	28	2196	0	1
834	1	18	30	0	28	2196	0	1
835	1	9	36	0	28	2196	0	1
836	1	10	37	0	28	2196	0	1
837	1	7	38	0	28	2196	0	1
838	1	6	39	0	28	2196	0	1
839	1	4	42	0	28	2196	0	1
840	1	8	43	0	28	2196	0	1
841	1	16	44	0	28	2196	0	1
842	1	15	45	0	28	2196	0	1
843	1	5	1	0	28	2196	0	1
844	1	12	2	0	28	2196	0	1
845	1	1	3	0	28	2196	0	1
846	1	13	4	0	28	2196	0	1
847	1	20	13	0	28	2196	0	1
848	1	2	14	0	28	2196	0	1
849	1	14	15	0	28	2196	0	1
850	1	11	16	0	28	2196	0	1
851	1	17	27	0	28	2196	0	1
852	1	19	28	0	28	2196	0	1
853	1	3	29	0	28	2196	0	1
854	1	18	30	0	28	2196	0	1
855	1	9	36	0	28	2196	0	1
856	1	10	37	0	28	2196	0	1
857	1	7	38	0	28	2196	0	1
858	1	6	39	0	28	2196	0	1
859	1	4	42	0	28	2196	0	1
860	1	8	43	0	28	2196	0	1
861	1	16	44	0	28	2196	0	1
862	1	15	45	0	28	2196	0	1
863	1	5	1	0	28	2196	0	1
864	1	12	2	0	28	2196	0	1
865	1	1	3	0	28	2196	0	1
866	1	13	4	0	28	2196	0	1
867	1	20	13	0	28	2196	0	1
868	1	2	14	0	28	2196	0	1
869	1	14	15	0	28	2196	0	1
870	1	11	16	0	28	2196	0	1
871	1	17	27	0	28	2196	0	1
872	1	19	28	0	28	2196	0	1
873	1	3	29	0	28	2196	0	1
874	1	18	30	0	28	2196	0	1
875	1	9	36	0	28	2196	0	1
876	1	10	37	0	28	2196	0	1
877	1	7	38	0	28	2196	0	1
878	1	6	39	0	28	2196	0	1
879	1	4	42	0	28	2196	0	1
880	1	8	43	0	28	2196	0	1
881	1	16	44	0	28	2196	0	1
882	1	15	45	0	28	2196	0	1
883	1	5	1	0	28	2196	0	1
884	1	12	2	0	28	2196	0	1
885	1	1	3	0	28	2196	0	1
886	1	13	4	0	28	2196	0	1
887	1	20	13	0	28	2196	0	1
888	1	2	14	0	28	2196	0	1
889	1	14	15	0	28	2196	0	1
890	1	11	16	0	28	2196	0	1
891	1	17	27	0	28	2196	0	1
892	1	19	28	0	28	2196	0	1
893	1	3	29	0	28	2196	0	1
894	1	18	30	0	28	2196	0	1
895	1	9	36	0	28	2196	0	1
896	1	10	37	0	28	2196	0	1
897	1	7	38	0	28	2196	0	1
898	1	6	39	0	28	2196	0	1
899	1	4	42	0	28	2196	0	1
900	1	8	43	0	28	2196	0	1
901	1	16	44	0	28	2196	0	1
902	1	15	45	0	28	2196	0	1
903	1	5	1	0	28	2196	0	1
904	1	12	2	0	28	2196	0	1
905	1	1	3	0	28	2196	0	1
906	1	13	4	0	28	2196	0	1
907	1	20	13	0	28	2196	0	1
908	1	2	14	0	28	2196	0	1
909	1	14	15	0	28	2196	0	1
910	1	11	16	0	28	2196	0	1
911	1	17	27	0	28	2196	0	1
912	1	19	28	0	28	2196	0	1
913	1	3	29	0	28	2196	0	1
914	1	18	30	0	28	2196	0	1
915	1	9	36	0	28	2196	0	1
916	1	10	37	0	28	2196	0	1
917	1	7	38	0	28	2196	0	1
918	1	6	39	0	28	2196	0	1
919	1	4	42	0	28	2196	0	1
920	1	8	43	0	28	2196	0	1
921	1	16	44	0	28	2196	0	1
922	1	15	45	0	28	2196	0	1
923	1	5	1	0	28	2196	0	1
924	1	12	2	0	28	2196	0	1
925	1	1	3	0	28	2196	0	1
926	1	13	4	0	28	2196	0	1
927	1	20	13	0	28	2196	0	1
928	1	2	14	0	28	2196	0	1
929	1	14	15	0	28	2196	0	1
930	1	11	16	0	28	2196	0	1
931	1	17	27	0	28	2196	0	1
932	1	19	28	0	28	2196	0	1
933	1	3	29	0	28	2196	0	1
934	1	18	30	0	28	2196	0	1
935	1	9	36	0	28	2196	0	1
936	1	10	37	0	28	2196	0	1
937	1	7	38	0	28	2196	0	1
938	1	6	39	0	28	2196	0	1
939	1	4	42	0	28	2196	0	1
940	1	8	43	0	28	2196	0	1
941	1	16	44	0	28	2196	0	1
942	1	15	45	0	28	2196	0	1
943	1	5	1	0	28	2196	0	1
944	1	12	2	0	28	2196	0	1
945	1	1	3	0	28	2196	0	1
946	1	13	4	0	28	2196	0	1
947	1	20	13	0	28	2196	0	1
948	1	2	14	0	28	2196	0	1
949	1	14	15	0	28	2196	0	1
950	1	11	16	0	28	2196	0	1
951	1	17	27	0	28	2196	0	1
952	1	19	28	0	28	2196	0	1
953	1	3	29	0	28	2196	0	1
954	1	18	30	0	28	2196	0	1
955	1	9	36	0	28	2196	0	1
956	1	10	37	0	28	2196	0	1
957	1	7	38	0	28	2196	0	1
958	1	6	39	0	28	2196	0	1
959	1	4	42	0	28	2196	0	1
960	1	8	43	0	28	2196	0	1
961	1	16	44	0	28	2196	0	1
962	1	15	45	0	28	2196	0	1
963	1	5	1	0	28	2196	0	1
964	1	12	2	0	28	2196	0	1
965	1	1	3	0	28	2196	0	1
966	1	13	4	0	28	2196	0	1
967	1	20	13	0	28	2196	0	1
968	1	2	14	0	28	2196	0	1
969	1	14	15	0	28	2196	0	1
970	1	11	16	0	28	2196	0	1
971	1	17	27	0	28	2196	0	1
972	1	19	28	0	28	2196	0	1
973	1	3	29	0	28	2196	0	1
974	1	18	30	0	28	2196	0	1
975	1	9	36	0	28	2196	0	1
976	1	10	37	0	28	2196	0	1
977	1	7	38	0	28	2196	0	1
978	1	6	39	0	28	2196	0	1
979	1	4	42	0	28	2196	0	1
980	1	8	43	0	28	2196	0	1
981	1	16	44	0	28	2196	0	1
982	1	15	45	0	28	2196	0	1
983	1	5	1	0	28	2196	0	1
984	1	12	2	0	28	2196	0	1
985	1	1	3	0	28	2196	0	1
986	1	13	4	0	28	2196	0	1
987	1	20	13	0	28	2196	0	1
988	1	2	14	0	28	2196	0	1
989	1	14	15	0	28	2196	0	1
990	1	11	16	0	28	2196	0	1
991	1	17	27	0	28	2196	0	1
992	1	19	28	0	28	2196	0	1
993	1	3	29	0	28	2196	0	1
994	1	18	30	0	28	2196	0	1
995	1	9	36	0	28	2196	0	1
996	1	10	37	0	28	2196	0	1
997	1	7	38	0	28	2196	0	1
998	1	6	39	0	28	2196	0	1
999	1	4	42	0	28	2196	0	1
