% time	cellId	IMSI	RNTI	rsrp	sinr
0.000214285	1	1	0	1.68845e-08	3.55957e+07
0.00121429	1	1	0	1.69021e-08	3.56327e+07
0.00221428	1	1	0	1.69196e-08	3.56698e+07
0.00321428	1	1	0	1.69373e-08	3.57069e+07
0.00421428	1	1	0	1.69549e-08	3.5744e+07
0.00521428	1	1	0	1.69725e-08	3.57813e+07
0.00621428	1	1	0	1.69902e-08	3.58186e+07
0.00721428	1	1	0	1.7008e-08	3.58559e+07
0.00821428	1	1	0	1.70257e-08	3.58933e+07
0.00921428	1	1	0	1.70435e-08	3.59308e+07
0.0102143	1	1	0	1.70613e-08	3.59683e+07
0.0112143	1	1	0	1.70791e-08	3.60059e+07
0.0122143	1	1	0	1.70969e-08	3.60435e+07
0.0132143	1	1	0	1.71148e-08	3.60812e+07
0.0142143	1	1	0	1.71327e-08	3.6119e+07
0.0152143	1	1	0	1.71507e-08	3.61568e+07
0.0162143	1	1	0	1.71686e-08	3.61946e+07
0.0172143	1	1	0	1.71866e-08	3.62326e+07
0.0182143	1	1	0	1.72046e-08	3.62705e+07
0.0192143	1	1	0	1.72227e-08	3.63086e+07
0.0202143	1	1	0	1.72408e-08	3.63467e+07
0.0212143	1	1	1	1.72589e-08	3.63849e+07
0.0222143	1	1	1	1.7277e-08	3.64231e+07
0.0232143	1	1	1	1.72951e-08	3.64614e+07
0.0242143	1	1	1	1.73133e-08	3.64997e+07
0.0252143	1	1	1	1.73316e-08	3.65381e+07
0.0262143	1	1	1	1.73498e-08	3.65766e+07
0.0272143	1	1	1	1.73681e-08	3.66151e+07
0.0282143	1	1	1	1.73864e-08	3.66537e+07
0.0292143	1	1	1	1.74047e-08	3.66923e+07
0.0302143	1	1	1	1.74231e-08	3.6731e+07
0.0312143	1	1	1	1.74414e-08	3.67698e+07
0.0322143	1	1	1	1.74599e-08	3.68086e+07
0.0332143	1	1	1	1.74783e-08	3.68475e+07
0.0342143	1	1	1	1.74968e-08	3.68864e+07
0.0352143	1	1	1	1.75153e-08	3.69255e+07
0.0362143	1	1	1	1.75338e-08	3.69645e+07
0.0372143	1	1	1	1.75524e-08	3.70036e+07
0.0382143	1	1	1	1.7571e-08	3.70428e+07
0.0392143	1	1	1	1.75896e-08	3.70821e+07
0.0402143	1	1	1	1.76082e-08	3.71214e+07
0.0412143	1	1	1	1.76269e-08	3.71608e+07
0.0422143	1	1	1	1.76456e-08	3.72002e+07
0.0432143	1	1	1	1.76643e-08	3.72397e+07
0.0442143	1	1	1	1.76831e-08	3.72793e+07
0.0452143	1	1	1	1.77019e-08	3.73189e+07
0.0462143	1	1	1	1.77207e-08	3.73586e+07
0.0472143	1	1	1	1.77396e-08	3.73983e+07
0.0482143	1	1	1	1.77585e-08	3.74381e+07
0.0492143	1	1	1	1.77774e-08	3.7478e+07
0.0502143	1	1	1	1.77963e-08	3.75179e+07
0.0512143	1	1	1	1.78153e-08	3.75579e+07
0.0522143	1	1	1	1.78343e-08	3.7598e+07
0.0532143	1	1	1	1.78533e-08	3.76381e+07
0.0542143	1	1	1	1.78724e-08	3.76783e+07
0.0552143	1	1	1	1.78915e-08	3.77186e+07
0.0562143	1	1	1	1.79106e-08	3.77589e+07
0.0572143	1	1	1	1.79298e-08	3.77993e+07
0.0582143	1	1	1	1.7949e-08	3.78397e+07
0.0592143	1	1	1	1.79682e-08	3.78802e+07
0.0602143	1	1	1	1.79874e-08	3.79208e+07
0.0612143	1	1	1	1.80067e-08	3.79614e+07
0.0622143	1	1	1	1.8026e-08	3.80021e+07
0.0632143	1	1	1	1.80453e-08	3.80429e+07
0.0642143	1	1	1	1.80647e-08	3.80837e+07
0.0652143	1	1	1	1.80841e-08	3.81246e+07
0.0662143	1	1	1	1.81035e-08	3.81656e+07
0.0672143	1	1	1	1.8123e-08	3.82066e+07
0.0682143	1	1	1	1.81425e-08	3.82477e+07
0.0692143	1	1	1	1.8162e-08	3.82889e+07
0.0702143	1	1	1	1.81815e-08	3.83301e+07
0.0712143	1	1	1	1.82011e-08	3.83714e+07
0.0722143	1	1	1	1.82207e-08	3.84127e+07
0.0732143	1	1	1	1.82404e-08	3.84541e+07
0.0742143	1	1	1	1.82601e-08	3.84956e+07
0.0752143	1	1	1	1.82798e-08	3.85372e+07
0.0762143	1	1	1	1.82995e-08	3.85788e+07
0.0772143	1	1	1	1.83193e-08	3.86205e+07
0.0782143	1	1	1	1.83391e-08	3.86622e+07
0.0792143	1	1	1	1.83589e-08	3.8704e+07
0.0802143	1	1	1	1.83788e-08	3.87459e+07
0.0812143	1	1	1	1.83987e-08	3.87879e+07
0.0822143	1	1	1	1.84186e-08	3.88299e+07
0.0832143	1	1	1	1.84386e-08	3.8872e+07
0.0842143	1	1	1	1.84586e-08	3.89141e+07
0.0852143	1	1	1	1.84786e-08	3.89563e+07
0.0862143	1	1	1	1.84987e-08	3.89986e+07
0.0872143	1	1	1	1.85188e-08	3.9041e+07
0.0882143	1	1	1	1.85389e-08	3.90834e+07
0.0892143	1	1	1	1.8559e-08	3.91259e+07
0.0902143	1	1	1	1.85792e-08	3.91685e+07
0.0912143	1	1	1	1.85995e-08	3.92111e+07
0.0922143	1	1	1	1.86197e-08	3.92538e+07
0.0932143	1	1	1	1.864e-08	3.92966e+07
0.0942143	1	1	1	1.86603e-08	3.93394e+07
0.0952143	1	1	1	1.86807e-08	3.93823e+07
0.0962143	1	1	1	1.87011e-08	3.94253e+07
0.0972143	1	1	1	1.87215e-08	3.94683e+07
0.0982143	1	1	1	1.87419e-08	3.95114e+07
0.0992143	1	1	1	1.87624e-08	3.95546e+07
0.100214	1	1	1	1.87829e-08	3.95979e+07
0.101214	1	1	1	1.88035e-08	3.96412e+07
0.102214	1	1	1	1.88241e-08	3.96846e+07
0.103214	1	1	1	1.88447e-08	3.97281e+07
0.104214	1	1	1	1.88653e-08	3.97716e+07
0.105214	1	1	1	1.8886e-08	3.98152e+07
0.106214	1	1	1	1.89067e-08	3.98589e+07
0.107214	1	1	1	1.89275e-08	3.99026e+07
0.108214	1	1	1	1.89483e-08	3.99464e+07
0.109214	1	1	1	1.89691e-08	3.99903e+07
0.110214	1	1	1	1.89899e-08	4.00343e+07
0.111214	1	1	1	1.90108e-08	4.00783e+07
0.112214	1	1	1	1.90317e-08	4.01224e+07
0.113214	1	1	1	1.90527e-08	4.01666e+07
0.114214	1	1	1	1.90737e-08	4.02108e+07
0.115214	1	1	1	1.90947e-08	4.02551e+07
0.116214	1	1	1	1.91157e-08	4.02995e+07
0.117214	1	1	1	1.91368e-08	4.0344e+07
0.118214	1	1	1	1.9158e-08	4.03885e+07
0.119214	1	1	1	1.91791e-08	4.04331e+07
0.120214	1	1	1	1.92003e-08	4.04778e+07
0.121214	1	1	1	1.92215e-08	4.05226e+07
0.122214	1	1	1	1.92428e-08	4.05674e+07
0.123214	1	1	1	1.92641e-08	4.06123e+07
0.124214	1	1	1	1.92854e-08	4.06573e+07
0.125214	1	1	1	1.93068e-08	4.07023e+07
0.126214	1	1	1	1.93282e-08	4.07474e+07
0.127214	1	1	1	1.93496e-08	4.07926e+07
0.128214	1	1	1	1.93711e-08	4.08379e+07
0.129214	1	1	1	1.93926e-08	4.08833e+07
0.130214	1	1	1	1.94142e-08	4.09287e+07
0.131214	1	1	1	1.94358e-08	4.09742e+07
0.132214	1	1	1	1.94574e-08	4.10197e+07
0.133214	1	1	1	1.9479e-08	4.10654e+07
0.134214	1	1	1	1.95007e-08	4.11111e+07
0.135214	1	1	1	1.95224e-08	4.11569e+07
0.136214	1	1	1	1.95442e-08	4.12028e+07
0.137214	1	1	1	1.9566e-08	4.12487e+07
0.138214	1	1	1	1.95878e-08	4.12947e+07
0.139214	1	1	1	1.96097e-08	4.13408e+07
0.140214	1	1	1	1.96316e-08	4.1387e+07
0.141214	1	1	1	1.96535e-08	4.14332e+07
0.142214	1	1	1	1.96755e-08	4.14796e+07
0.143214	1	1	1	1.96975e-08	4.1526e+07
0.144214	1	1	1	1.97195e-08	4.15724e+07
0.145214	1	1	1	1.97416e-08	4.1619e+07
0.146214	1	1	1	1.97637e-08	4.16656e+07
0.147214	1	1	1	1.97859e-08	4.17123e+07
0.148214	1	1	1	1.98081e-08	4.17591e+07
0.149214	1	1	1	1.98303e-08	4.1806e+07
0.150214	1	1	1	1.98526e-08	4.18529e+07
0.151214	1	1	1	1.98749e-08	4.18999e+07
0.152214	1	1	1	1.98972e-08	4.1947e+07
0.153214	1	1	1	1.99196e-08	4.19942e+07
0.154214	1	1	1	1.9942e-08	4.20415e+07
0.155214	1	1	1	1.99645e-08	4.20888e+07
0.156214	1	1	1	1.9987e-08	4.21362e+07
0.157214	1	1	1	2.00095e-08	4.21837e+07
0.158214	1	1	1	2.0032e-08	4.22313e+07
0.159214	1	1	1	2.00546e-08	4.22789e+07
0.160214	1	1	1	2.00773e-08	4.23266e+07
0.161214	1	1	1	2.01e-08	4.23744e+07
0.162214	1	1	1	2.01227e-08	4.24223e+07
0.163214	1	1	1	2.01454e-08	4.24703e+07
0.164214	1	1	1	2.01682e-08	4.25183e+07
0.165214	1	1	1	2.0191e-08	4.25665e+07
0.166214	1	1	1	2.02139e-08	4.26147e+07
0.167214	1	1	1	2.02368e-08	4.2663e+07
0.168214	1	1	1	2.02598e-08	4.27113e+07
0.169214	1	1	1	2.02827e-08	4.27598e+07
0.170214	1	1	1	2.03058e-08	4.28083e+07
0.171214	1	1	1	2.03288e-08	4.28569e+07
0.172214	1	1	1	2.03519e-08	4.29056e+07
0.173214	1	1	1	2.03751e-08	4.29544e+07
0.174214	1	1	1	2.03982e-08	4.30033e+07
0.175214	1	1	1	2.04215e-08	4.30522e+07
0.176214	1	1	1	2.04447e-08	4.31012e+07
0.177214	1	1	1	2.0468e-08	4.31503e+07
0.178214	1	1	1	2.04913e-08	4.31995e+07
0.179214	1	1	1	2.05147e-08	4.32488e+07
0.180214	1	1	1	2.05381e-08	4.32981e+07
0.181214	1	1	1	2.05616e-08	4.33476e+07
0.182214	1	1	1	2.05851e-08	4.33971e+07
0.183214	1	1	1	2.06086e-08	4.34467e+07
0.184214	1	1	1	2.06321e-08	4.34964e+07
0.185214	1	1	1	2.06558e-08	4.35462e+07
0.186214	1	1	1	2.06794e-08	4.3596e+07
0.187214	1	1	1	2.07031e-08	4.3646e+07
0.188214	1	1	1	2.07268e-08	4.3696e+07
0.189214	1	1	1	2.07506e-08	4.37461e+07
0.190214	1	1	1	2.07744e-08	4.37963e+07
0.191214	1	1	1	2.07983e-08	4.38466e+07
0.192214	1	1	1	2.08221e-08	4.38969e+07
0.193214	1	1	1	2.08461e-08	4.39474e+07
0.194214	1	1	1	2.087e-08	4.39979e+07
0.195214	1	1	1	2.08941e-08	4.40485e+07
0.196214	1	1	1	2.09181e-08	4.40992e+07
0.197214	1	1	1	2.09422e-08	4.415e+07
0.198214	1	1	1	2.09663e-08	4.42009e+07
0.199214	1	1	1	2.09905e-08	4.42519e+07
0.200214	1	1	1	2.10147e-08	4.43029e+07
0.201214	1	1	1	2.1039e-08	4.43541e+07
0.202214	1	1	1	2.10633e-08	4.44053e+07
0.203214	1	1	1	2.10876e-08	4.44566e+07
0.204214	1	1	1	2.1112e-08	4.4508e+07
0.205214	1	1	1	2.11364e-08	4.45595e+07
0.206214	1	1	1	2.11609e-08	4.46111e+07
0.207214	1	1	1	2.11854e-08	4.46628e+07
0.208214	1	1	1	2.121e-08	4.47145e+07
0.209214	1	1	1	2.12345e-08	4.47663e+07
0.210214	1	1	1	2.12592e-08	4.48183e+07
0.211214	1	1	1	2.12839e-08	4.48703e+07
0.212214	1	1	1	2.13086e-08	4.49224e+07
0.213214	1	1	1	2.13333e-08	4.49746e+07
0.214214	1	1	1	2.13581e-08	4.50269e+07
0.215214	1	1	1	2.1383e-08	4.50793e+07
0.216214	1	1	1	2.14079e-08	4.51317e+07
0.217214	1	1	1	2.14328e-08	4.51843e+07
0.218214	1	1	1	2.14578e-08	4.5237e+07
0.219214	1	1	1	2.14828e-08	4.52897e+07
0.220214	1	1	1	2.15078e-08	4.53425e+07
0.221214	1	1	1	2.15329e-08	4.53954e+07
0.222214	1	1	1	2.15581e-08	4.54485e+07
0.223214	1	1	1	2.15833e-08	4.55016e+07
0.224214	1	1	1	2.16085e-08	4.55548e+07
0.225214	1	1	1	2.16338e-08	4.5608e+07
0.226214	1	1	1	2.16591e-08	4.56614e+07
0.227214	1	1	1	2.16845e-08	4.57149e+07
0.228214	1	1	1	2.17099e-08	4.57685e+07
0.229214	1	1	1	2.17353e-08	4.58221e+07
0.230214	1	1	1	2.17608e-08	4.58759e+07
0.231214	1	1	1	2.17864e-08	4.59297e+07
0.232214	1	1	1	2.1812e-08	4.59836e+07
0.233214	1	1	1	2.18376e-08	4.60377e+07
0.234214	1	1	1	2.18633e-08	4.60918e+07
0.235214	1	1	1	2.1889e-08	4.6146e+07
0.236214	1	1	1	2.19147e-08	4.62003e+07
0.237214	1	1	1	2.19405e-08	4.62547e+07
0.238214	1	1	1	2.19664e-08	4.63092e+07
0.239214	1	1	1	2.19923e-08	4.63638e+07
0.240214	1	1	1	2.20182e-08	4.64185e+07
0.241214	1	1	1	2.20442e-08	4.64733e+07
0.242214	1	1	1	2.20702e-08	4.65282e+07
0.243214	1	1	1	2.20963e-08	4.65831e+07
0.244214	1	1	1	2.21224e-08	4.66382e+07
0.245214	1	1	1	2.21486e-08	4.66934e+07
0.246214	1	1	1	2.21748e-08	4.67486e+07
0.247214	1	1	1	2.22011e-08	4.6804e+07
0.248214	1	1	1	2.22274e-08	4.68595e+07
0.249214	1	1	1	2.22537e-08	4.6915e+07
0.250214	1	1	1	2.22801e-08	4.69707e+07
0.251214	1	1	1	2.23066e-08	4.70264e+07
0.252214	1	1	1	2.23331e-08	4.70823e+07
0.253214	1	1	1	2.23596e-08	4.71382e+07
0.254214	1	1	1	2.23862e-08	4.71942e+07
0.255214	1	1	1	2.24128e-08	4.72504e+07
0.256214	1	1	1	2.24395e-08	4.73066e+07
0.257214	1	1	1	2.24662e-08	4.73629e+07
0.258214	1	1	1	2.2493e-08	4.74194e+07
0.259214	1	1	1	2.25198e-08	4.74759e+07
0.260214	1	1	1	2.25467e-08	4.75326e+07
0.261214	1	1	1	2.25736e-08	4.75893e+07
0.262214	1	1	1	2.26005e-08	4.76461e+07
0.263214	1	1	1	2.26275e-08	4.77031e+07
0.264214	1	1	1	2.26546e-08	4.77601e+07
0.265214	1	1	1	2.26817e-08	4.78172e+07
0.266214	1	1	1	2.27089e-08	4.78745e+07
0.267214	1	1	1	2.2736e-08	4.79318e+07
0.268214	1	1	1	2.27633e-08	4.79892e+07
0.269214	1	1	1	2.27906e-08	4.80468e+07
0.270214	1	1	1	2.28179e-08	4.81044e+07
0.271214	1	1	1	2.28453e-08	4.81622e+07
0.272214	1	1	1	2.28728e-08	4.822e+07
0.273214	1	1	1	2.29002e-08	4.8278e+07
0.274214	1	1	1	2.29278e-08	4.8336e+07
0.275214	1	1	1	2.29554e-08	4.83942e+07
0.276214	1	1	1	2.2983e-08	4.84524e+07
0.277214	1	1	1	2.30107e-08	4.85108e+07
0.278214	1	1	1	2.30384e-08	4.85692e+07
0.279214	1	1	1	2.30662e-08	4.86278e+07
0.280214	1	1	1	2.3094e-08	4.86865e+07
0.281214	1	1	1	2.31219e-08	4.87452e+07
0.282214	1	1	1	2.31498e-08	4.88041e+07
0.283214	1	1	1	2.31778e-08	4.88631e+07
0.284214	1	1	1	2.32058e-08	4.89222e+07
0.285214	1	1	1	2.32339e-08	4.89814e+07
0.286214	1	1	1	2.3262e-08	4.90407e+07
0.287214	1	1	1	2.32902e-08	4.91001e+07
0.288214	1	1	1	2.33185e-08	4.91596e+07
0.289214	1	1	1	2.33467e-08	4.92192e+07
0.290214	1	1	1	2.33751e-08	4.9279e+07
0.291214	1	1	1	2.34034e-08	4.93388e+07
0.292214	1	1	1	2.34319e-08	4.93987e+07
0.293214	1	1	1	2.34604e-08	4.94588e+07
0.294214	1	1	1	2.34889e-08	4.95189e+07
0.295214	1	1	1	2.35175e-08	4.95792e+07
0.296214	1	1	1	2.35461e-08	4.96396e+07
0.297214	1	1	1	2.35748e-08	4.97001e+07
0.298214	1	1	1	2.36035e-08	4.97606e+07
0.299214	1	1	1	2.36323e-08	4.98213e+07
0.300214	1	1	1	2.36612e-08	4.98821e+07
0.301214	1	1	1	2.36901e-08	4.99431e+07
0.302214	1	1	1	2.3719e-08	5.00041e+07
0.303214	1	1	1	2.3748e-08	5.00652e+07
0.304214	1	1	1	2.37771e-08	5.01265e+07
0.305214	1	1	1	2.38062e-08	5.01878e+07
0.306214	1	1	1	2.38353e-08	5.02493e+07
0.307214	1	1	1	2.38645e-08	5.03109e+07
0.308214	1	1	1	2.38938e-08	5.03725e+07
0.309214	1	1	1	2.39231e-08	5.04343e+07
0.310214	1	1	1	2.39525e-08	5.04963e+07
0.311214	1	1	1	2.39819e-08	5.05583e+07
0.312214	1	1	1	2.40114e-08	5.06204e+07
0.313214	1	1	1	2.40409e-08	5.06827e+07
0.314214	1	1	1	2.40705e-08	5.0745e+07
0.315214	1	1	1	2.41001e-08	5.08075e+07
0.316214	1	1	1	2.41298e-08	5.08701e+07
0.317214	1	1	1	2.41595e-08	5.09328e+07
0.318214	1	1	1	2.41893e-08	5.09956e+07
0.319214	1	1	1	2.42192e-08	5.10585e+07
0.320214	1	1	1	2.42491e-08	5.11216e+07
0.321214	1	1	1	2.4279e-08	5.11847e+07
0.322214	1	1	1	2.43091e-08	5.1248e+07
0.323214	1	1	1	2.43391e-08	5.13114e+07
0.324214	1	1	1	2.43692e-08	5.13749e+07
0.325214	1	1	1	2.43994e-08	5.14385e+07
0.326214	1	1	1	2.44297e-08	5.15022e+07
0.327214	1	1	1	2.44599e-08	5.15661e+07
0.328214	1	1	1	2.44903e-08	5.163e+07
0.329214	1	1	1	2.45207e-08	5.16941e+07
0.330214	1	1	1	2.45511e-08	5.17583e+07
0.331214	1	1	1	2.45816e-08	5.18226e+07
0.332214	1	1	1	2.46122e-08	5.18871e+07
0.333214	1	1	1	2.46428e-08	5.19516e+07
0.334214	1	1	1	2.46735e-08	5.20163e+07
0.335214	1	1	1	2.47042e-08	5.20811e+07
0.336214	1	1	1	2.4735e-08	5.2146e+07
0.337214	1	1	1	2.47659e-08	5.2211e+07
0.338214	1	1	1	2.47968e-08	5.22762e+07
0.339214	1	1	1	2.48277e-08	5.23414e+07
0.340214	1	1	1	2.48587e-08	5.24068e+07
0.341214	1	1	1	2.48898e-08	5.24723e+07
0.342214	1	1	1	2.49209e-08	5.2538e+07
0.343214	1	1	1	2.49521e-08	5.26037e+07
0.344214	1	1	1	2.49834e-08	5.26696e+07
0.345214	1	1	1	2.50147e-08	5.27356e+07
0.346214	1	1	1	2.5046e-08	5.28017e+07
0.347214	1	1	1	2.50775e-08	5.28679e+07
0.348214	1	1	1	2.51089e-08	5.29343e+07
0.349214	1	1	1	2.51405e-08	5.30008e+07
0.350214	1	1	1	2.51721e-08	5.30674e+07
0.351214	1	1	1	2.52037e-08	5.31341e+07
0.352214	1	1	1	2.52354e-08	5.32009e+07
0.353214	1	1	1	2.52672e-08	5.32679e+07
0.354214	1	1	1	2.5299e-08	5.3335e+07
0.355214	1	1	1	2.53309e-08	5.34022e+07
0.356214	1	1	1	2.53629e-08	5.34696e+07
0.357214	1	1	1	2.53949e-08	5.35371e+07
0.358214	1	1	1	2.54269e-08	5.36047e+07
0.359214	1	1	1	2.5459e-08	5.36724e+07
0.360214	1	1	1	2.54912e-08	5.37402e+07
0.361214	1	1	1	2.55235e-08	5.38082e+07
0.362214	1	1	1	2.55558e-08	5.38763e+07
0.363214	1	1	1	2.55881e-08	5.39445e+07
0.364214	1	1	1	2.56206e-08	5.40129e+07
0.365214	1	1	1	2.5653e-08	5.40814e+07
0.366214	1	1	1	2.56856e-08	5.415e+07
0.367214	1	1	1	2.57182e-08	5.42187e+07
0.368214	1	1	1	2.57509e-08	5.42876e+07
0.369214	1	1	1	2.57836e-08	5.43566e+07
0.370214	1	1	1	2.58164e-08	5.44257e+07
0.371214	1	1	1	2.58492e-08	5.44949e+07
0.372214	1	1	1	2.58821e-08	5.45643e+07
0.373214	1	1	1	2.59151e-08	5.46338e+07
0.374214	1	1	1	2.59481e-08	5.47035e+07
0.375214	1	1	1	2.59812e-08	5.47733e+07
0.376214	1	1	1	2.60144e-08	5.48432e+07
0.377214	1	1	1	2.60476e-08	5.49132e+07
0.378214	1	1	1	2.60819e-08	5.49854e+07
0.379214	1	1	1	2.61229e-08	5.5072e+07
0.380214	1	1	1	2.61641e-08	5.51587e+07
0.381214	1	1	1	2.62053e-08	5.52457e+07
0.382214	1	1	1	2.62466e-08	5.53328e+07
0.383214	1	1	1	2.6288e-08	5.54201e+07
0.384214	1	1	1	2.63295e-08	5.55075e+07
0.385214	1	1	1	2.63711e-08	5.55952e+07
0.386214	1	1	1	2.64128e-08	5.5683e+07
0.387214	1	1	1	2.64545e-08	5.5771e+07
0.388214	1	1	1	2.64963e-08	5.58592e+07
0.389214	1	1	1	2.65382e-08	5.59475e+07
0.390214	1	1	1	2.65802e-08	5.60361e+07
0.391214	1	1	1	2.66223e-08	5.61248e+07
0.392214	1	1	1	2.66645e-08	5.62137e+07
0.393214	1	1	1	2.67067e-08	5.63027e+07
0.394214	1	1	1	2.67491e-08	5.6392e+07
0.395214	1	1	1	2.67915e-08	5.64814e+07
0.396214	1	1	1	2.6834e-08	5.6571e+07
0.397214	1	1	1	2.68766e-08	5.66608e+07
0.398214	1	1	1	2.69193e-08	5.67508e+07
0.399214	1	1	1	2.6962e-08	5.6841e+07
0.400214	1	1	1	2.70049e-08	5.69313e+07
0.401214	1	1	1	2.70478e-08	5.70218e+07
0.402214	1	1	1	2.70908e-08	5.71125e+07
0.403214	1	1	1	2.7134e-08	5.72034e+07
0.404214	1	1	1	2.71772e-08	5.72945e+07
0.405214	1	1	1	2.72204e-08	5.73857e+07
0.406214	1	1	1	2.72638e-08	5.74772e+07
0.407214	1	1	1	2.73073e-08	5.75688e+07
0.408214	1	1	1	2.73508e-08	5.76606e+07
0.409214	1	1	1	2.73945e-08	5.77526e+07
0.410214	1	1	1	2.74382e-08	5.78448e+07
0.411214	1	1	1	2.7482e-08	5.79372e+07
0.412214	1	1	1	2.75259e-08	5.80297e+07
0.413214	1	1	1	2.75699e-08	5.81225e+07
0.414214	1	1	1	2.7614e-08	5.82154e+07
0.415214	1	1	1	2.76582e-08	5.83085e+07
0.416214	1	1	1	2.77024e-08	5.84018e+07
0.417214	1	1	1	2.77468e-08	5.84953e+07
0.418214	1	1	1	2.77912e-08	5.8589e+07
0.419214	1	1	1	2.78358e-08	5.86829e+07
0.420214	1	1	1	2.78804e-08	5.8777e+07
0.421214	1	1	1	2.79251e-08	5.88712e+07
0.422214	1	1	1	2.79699e-08	5.89657e+07
0.423214	1	1	1	2.80148e-08	5.90603e+07
0.424214	1	1	1	2.80598e-08	5.91552e+07
0.425214	1	1	1	2.81048e-08	5.92502e+07
0.426214	1	1	1	2.815e-08	5.93454e+07
0.427214	1	1	1	2.81953e-08	5.94408e+07
0.428214	1	1	1	2.82406e-08	5.95364e+07
0.429214	1	1	1	2.8286e-08	5.96322e+07
0.430214	1	1	1	2.83316e-08	5.97282e+07
0.431214	1	1	1	2.83772e-08	5.98244e+07
0.432214	1	1	1	2.84229e-08	5.99208e+07
0.433214	1	1	1	2.84687e-08	6.00173e+07
0.434214	1	1	1	2.85146e-08	6.01141e+07
0.435214	1	1	1	2.85606e-08	6.02111e+07
0.436214	1	1	1	2.86067e-08	6.03082e+07
0.437214	1	1	1	2.86529e-08	6.04056e+07
0.438214	1	1	1	2.86992e-08	6.05031e+07
0.439214	1	1	1	2.87455e-08	6.06009e+07
0.440214	1	1	1	2.8792e-08	6.06988e+07
0.441214	1	1	1	2.88385e-08	6.0797e+07
0.442214	1	1	1	2.88852e-08	6.08953e+07
0.443214	1	1	1	2.89319e-08	6.09939e+07
0.444214	1	1	1	2.89788e-08	6.10926e+07
0.445214	1	1	1	2.90257e-08	6.11915e+07
0.446214	1	1	1	2.90727e-08	6.12907e+07
0.447214	1	1	1	2.91198e-08	6.139e+07
0.448214	1	1	1	2.91671e-08	6.14896e+07
0.449214	1	1	1	2.92144e-08	6.15893e+07
0.450214	1	1	1	2.92618e-08	6.16893e+07
0.451214	1	1	1	2.93093e-08	6.17894e+07
0.452214	1	1	1	2.93569e-08	6.18898e+07
0.453214	1	1	1	2.94046e-08	6.19903e+07
0.454214	1	1	1	2.94524e-08	6.20911e+07
0.455214	1	1	1	2.95003e-08	6.2192e+07
0.456214	1	1	1	2.95483e-08	6.22932e+07
0.457214	1	1	1	2.95963e-08	6.23946e+07
0.458214	1	1	1	2.96445e-08	6.24961e+07
0.459214	1	1	1	2.96928e-08	6.25979e+07
0.460214	1	1	1	2.97412e-08	6.26999e+07
0.461214	1	1	1	2.97896e-08	6.28021e+07
0.462214	1	1	1	2.98382e-08	6.29045e+07
0.463214	1	1	1	2.98869e-08	6.30071e+07
0.464214	1	1	1	2.99356e-08	6.31099e+07
0.465214	1	1	1	2.99845e-08	6.32129e+07
0.466214	1	1	1	3.00335e-08	6.33161e+07
0.467214	1	1	1	3.00825e-08	6.34195e+07
0.468214	1	1	1	3.01317e-08	6.35232e+07
0.469214	1	1	1	3.01809e-08	6.3627e+07
0.470214	1	1	1	3.02303e-08	6.37311e+07
0.471214	1	1	1	3.02798e-08	6.38353e+07
0.472214	1	1	1	3.03293e-08	6.39398e+07
0.473214	1	1	1	3.0379e-08	6.40445e+07
0.474214	1	1	1	3.04287e-08	6.41494e+07
0.475214	1	1	1	3.04786e-08	6.42545e+07
0.476214	1	1	1	3.05285e-08	6.43598e+07
0.477214	1	1	1	3.05786e-08	6.44654e+07
0.478214	1	1	1	3.06288e-08	6.45711e+07
0.479214	1	1	1	3.0679e-08	6.46771e+07
0.480214	1	1	1	3.07294e-08	6.47832e+07
0.481214	1	1	1	3.07798e-08	6.48896e+07
0.482214	1	1	1	3.08304e-08	6.49962e+07
0.483214	1	1	1	3.08811e-08	6.5103e+07
0.484214	1	1	1	3.09318e-08	6.521e+07
0.485214	1	1	1	3.09827e-08	6.53173e+07
0.486214	1	1	1	3.10337e-08	6.54247e+07
0.487214	1	1	1	3.10848e-08	6.55324e+07
0.488214	1	1	1	3.11359e-08	6.56403e+07
0.489214	1	1	1	3.11872e-08	6.57484e+07
0.490214	1	1	1	3.12386e-08	6.58567e+07
0.491214	1	1	1	3.12901e-08	6.59653e+07
0.492214	1	1	1	3.13417e-08	6.6074e+07
0.493214	1	1	1	3.13934e-08	6.6183e+07
0.494214	1	1	1	3.14451e-08	6.62922e+07
0.495214	1	1	1	3.1497e-08	6.64016e+07
0.496214	1	1	1	3.1549e-08	6.65112e+07
0.497214	1	1	1	3.16012e-08	6.66211e+07
0.498214	1	1	1	3.16534e-08	6.67311e+07
0.499214	1	1	1	3.17057e-08	6.68414e+07
0.500214	1	1	1	3.17581e-08	6.69519e+07
0.501214	1	1	1	3.18106e-08	6.70627e+07
0.502214	1	1	1	3.18633e-08	6.71736e+07
0.503214	1	1	1	3.1916e-08	6.72848e+07
0.504214	1	1	1	3.19688e-08	6.73962e+07
0.505214	1	1	1	3.20218e-08	6.75078e+07
0.506214	1	1	1	3.20748e-08	6.76197e+07
0.507214	1	1	1	3.2128e-08	6.77317e+07
0.508214	1	1	1	3.21812e-08	6.7844e+07
0.509214	1	1	1	3.22346e-08	6.79565e+07
0.510214	1	1	1	3.22881e-08	6.80693e+07
0.511214	1	1	1	3.23417e-08	6.81822e+07
0.512214	1	1	1	3.23954e-08	6.82954e+07
0.513214	1	1	1	3.24492e-08	6.84088e+07
0.514214	1	1	1	3.25031e-08	6.85225e+07
0.515214	1	1	1	3.25571e-08	6.86364e+07
0.516214	1	1	1	3.26112e-08	6.87505e+07
0.517214	1	1	1	3.26654e-08	6.88648e+07
0.518214	1	1	1	3.27198e-08	6.89793e+07
0.519214	1	1	1	3.27742e-08	6.90941e+07
0.520214	1	1	1	3.28288e-08	6.92091e+07
0.521214	1	1	1	3.28834e-08	6.93243e+07
0.522214	1	1	1	3.29382e-08	6.94398e+07
0.523214	1	1	1	3.29931e-08	6.95555e+07
0.524214	1	1	1	3.30481e-08	6.96714e+07
0.525214	1	1	1	3.31031e-08	6.97876e+07
0.526214	1	1	1	3.31584e-08	6.99039e+07
0.527214	1	1	1	3.32137e-08	7.00206e+07
0.528214	1	1	1	3.32691e-08	7.01374e+07
0.529214	1	1	1	3.33246e-08	7.02545e+07
0.530214	1	1	1	3.33803e-08	7.03718e+07
0.531214	1	1	1	3.3436e-08	7.04893e+07
0.532214	1	1	1	3.34919e-08	7.06071e+07
0.533214	1	1	1	3.35479e-08	7.07251e+07
0.534214	1	1	1	3.36039e-08	7.08433e+07
0.535214	1	1	1	3.36601e-08	7.09618e+07
0.536214	1	1	1	3.37164e-08	7.10805e+07
0.537214	1	1	1	3.37729e-08	7.11995e+07
0.538214	1	1	1	3.38294e-08	7.13186e+07
0.539214	1	1	1	3.3886e-08	7.1438e+07
0.540214	1	1	1	3.39428e-08	7.15577e+07
0.541214	1	1	1	3.39997e-08	7.16776e+07
0.542214	1	1	1	3.40566e-08	7.17977e+07
0.543214	1	1	1	3.41137e-08	7.1918e+07
0.544214	1	1	1	3.41709e-08	7.20386e+07
0.545214	1	1	1	3.42282e-08	7.21595e+07
0.546214	1	1	1	3.42857e-08	7.22805e+07
0.547214	1	1	1	3.43432e-08	7.24018e+07
0.548214	1	1	1	3.44009e-08	7.25234e+07
0.549214	1	1	1	3.44586e-08	7.26452e+07
0.550214	1	1	1	3.45165e-08	7.27672e+07
0.551214	1	1	1	3.45745e-08	7.28894e+07
0.552214	1	1	1	3.46326e-08	7.30119e+07
0.553214	1	1	1	3.46908e-08	7.31347e+07
0.554214	1	1	1	3.47492e-08	7.32577e+07
0.555214	1	1	1	3.48076e-08	7.33809e+07
0.556214	1	1	1	3.48662e-08	7.35043e+07
0.557214	1	1	1	3.49249e-08	7.36281e+07
0.558214	1	1	1	3.49836e-08	7.3752e+07
0.559214	1	1	1	3.50426e-08	7.38762e+07
0.560214	1	1	1	3.51016e-08	7.40006e+07
0.561214	1	1	1	3.51607e-08	7.41253e+07
0.562214	1	1	1	3.522e-08	7.42502e+07
0.563214	1	1	1	3.52793e-08	7.43754e+07
0.564214	1	1	1	3.53388e-08	7.45008e+07
0.565214	1	1	1	3.53984e-08	7.46264e+07
0.566214	1	1	1	3.54581e-08	7.47523e+07
0.567214	1	1	1	3.5518e-08	7.48784e+07
0.568214	1	1	1	3.55779e-08	7.50048e+07
0.569214	1	1	1	3.5638e-08	7.51315e+07
0.570214	1	1	1	3.56982e-08	7.52583e+07
0.571214	1	1	1	3.57585e-08	7.53854e+07
0.572214	1	1	1	3.58189e-08	7.55128e+07
0.573214	1	1	1	3.58794e-08	7.56404e+07
0.574214	1	1	1	3.59401e-08	7.57683e+07
0.575214	1	1	1	3.60008e-08	7.58964e+07
0.576214	1	1	1	3.60617e-08	7.60247e+07
0.577214	1	1	1	3.61227e-08	7.61533e+07
0.578214	1	1	1	3.61838e-08	7.62822e+07
0.579214	1	1	1	3.62451e-08	7.64113e+07
0.580214	1	1	1	3.63064e-08	7.65406e+07
0.581214	1	1	1	3.63679e-08	7.66702e+07
0.582214	1	1	1	3.64295e-08	7.68001e+07
0.583214	1	1	1	3.64912e-08	7.69302e+07
0.584214	1	1	1	3.6553e-08	7.70605e+07
0.585214	1	1	1	3.6615e-08	7.71911e+07
0.586214	1	1	1	3.6677e-08	7.7322e+07
0.587214	1	1	1	3.67392e-08	7.74531e+07
0.588214	1	1	1	3.68015e-08	7.75844e+07
0.589214	1	1	1	3.6864e-08	7.7716e+07
0.590214	1	1	1	3.69265e-08	7.78479e+07
0.591214	1	1	1	3.69892e-08	7.798e+07
0.592214	1	1	1	3.70519e-08	7.81124e+07
0.593214	1	1	1	3.71148e-08	7.8245e+07
0.594214	1	1	1	3.71779e-08	7.83778e+07
0.595214	1	1	1	3.7241e-08	7.85109e+07
0.596214	1	1	1	3.73043e-08	7.86443e+07
0.597214	1	1	1	3.73677e-08	7.87779e+07
0.598214	1	1	1	3.74312e-08	7.89118e+07
0.599214	1	1	1	3.74948e-08	7.9046e+07
0.600214	1	1	1	3.75585e-08	7.91803e+07
0.601214	1	1	1	3.76224e-08	7.9315e+07
0.602214	1	1	1	3.76864e-08	7.94499e+07
0.603214	1	1	1	3.77505e-08	7.9585e+07
0.604214	1	1	1	3.78147e-08	7.97205e+07
0.605214	1	1	1	3.78791e-08	7.98561e+07
0.606214	1	1	1	3.79436e-08	7.9992e+07
0.607214	1	1	1	3.80082e-08	8.01282e+07
0.608214	1	1	1	3.80729e-08	8.02647e+07
0.609214	1	1	1	3.81377e-08	8.04014e+07
0.610214	1	1	1	3.82027e-08	8.05383e+07
0.611214	1	1	1	3.82678e-08	8.06755e+07
0.612214	1	1	1	3.8333e-08	8.0813e+07
0.613214	1	1	1	3.83983e-08	8.09507e+07
0.614214	1	1	1	3.84637e-08	8.10887e+07
0.615214	1	1	1	3.85293e-08	8.12269e+07
0.616214	1	1	1	3.8595e-08	8.13654e+07
0.617214	1	1	1	3.86608e-08	8.15042e+07
0.618214	1	1	1	3.87268e-08	8.16432e+07
0.619214	1	1	1	3.87928e-08	8.17825e+07
0.620214	1	1	1	3.8859e-08	8.1922e+07
0.621214	1	1	1	3.89253e-08	8.20618e+07
0.622214	1	1	1	3.89918e-08	8.22019e+07
0.623214	1	1	1	3.90583e-08	8.23422e+07
0.624214	1	1	1	3.9125e-08	8.24828e+07
0.625214	1	1	1	3.91918e-08	8.26236e+07
0.626214	1	1	1	3.92588e-08	8.27647e+07
0.627214	1	1	1	3.93258e-08	8.29061e+07
0.628214	1	1	1	3.9393e-08	8.30477e+07
0.629214	1	1	1	3.94603e-08	8.31896e+07
0.630214	1	1	1	3.95277e-08	8.33317e+07
0.631214	1	1	1	3.95953e-08	8.34741e+07
0.632214	1	1	1	3.96629e-08	8.36168e+07
0.633214	1	1	1	3.97307e-08	8.37597e+07
0.634214	1	1	1	3.97987e-08	8.39029e+07
0.635214	1	1	1	3.98667e-08	8.40464e+07
0.636214	1	1	1	3.99349e-08	8.41901e+07
0.637214	1	1	1	4.00032e-08	8.43341e+07
0.638214	1	1	1	4.00716e-08	8.44784e+07
0.639214	1	1	1	4.01402e-08	8.46229e+07
0.640214	1	1	1	4.02088e-08	8.47676e+07
0.641214	1	1	1	4.02776e-08	8.49127e+07
0.642214	1	1	1	4.03461e-08	8.50571e+07
0.643214	1	1	1	4.04052e-08	8.51815e+07
0.644214	1	1	1	4.04643e-08	8.53062e+07
0.645214	1	1	1	4.05235e-08	8.54311e+07
0.646214	1	1	1	4.05829e-08	8.55563e+07
0.647214	1	1	1	4.06424e-08	8.56817e+07
0.648214	1	1	1	4.0702e-08	8.58074e+07
0.649214	1	1	1	4.07618e-08	8.59333e+07
0.650214	1	1	1	4.08216e-08	8.60595e+07
0.651214	1	1	1	4.08816e-08	8.6186e+07
0.652214	1	1	1	4.09417e-08	8.63127e+07
0.653214	1	1	1	4.10019e-08	8.64396e+07
0.654214	1	1	1	4.10623e-08	8.65669e+07
0.655214	1	1	1	4.11227e-08	8.66943e+07
0.656214	1	1	1	4.11833e-08	8.68221e+07
0.657214	1	1	1	4.12441e-08	8.69501e+07
0.658214	1	1	1	4.13049e-08	8.70784e+07
0.659214	1	1	1	4.13659e-08	8.72069e+07
0.660214	1	1	1	4.14269e-08	8.73357e+07
0.661214	1	1	1	4.14882e-08	8.74647e+07
0.662214	1	1	1	4.15495e-08	8.7594e+07
0.663214	1	1	1	4.1611e-08	8.77236e+07
0.664214	1	1	1	4.16726e-08	8.78535e+07
0.665214	1	1	1	4.17343e-08	8.79836e+07
0.666214	1	1	1	4.17961e-08	8.8114e+07
0.667214	1	1	1	4.18581e-08	8.82446e+07
0.668214	1	1	1	4.19202e-08	8.83755e+07
0.669214	1	1	1	4.19824e-08	8.85067e+07
0.670214	1	1	1	4.20448e-08	8.86382e+07
0.671214	1	1	1	4.21073e-08	8.87699e+07
0.672214	1	1	1	4.21699e-08	8.89019e+07
0.673214	1	1	1	4.22326e-08	8.90342e+07
0.674214	1	1	1	4.22955e-08	8.91667e+07
0.675214	1	1	1	4.23585e-08	8.92995e+07
0.676214	1	1	1	4.24216e-08	8.94326e+07
0.677214	1	1	1	4.24849e-08	8.95659e+07
0.678214	1	1	1	4.25482e-08	8.96996e+07
0.679214	1	1	1	4.26118e-08	8.98335e+07
0.680214	1	1	1	4.26754e-08	8.99677e+07
0.681214	1	1	1	4.27392e-08	9.01021e+07
0.682214	1	1	1	4.28031e-08	9.02369e+07
0.683214	1	1	1	4.28671e-08	9.03719e+07
0.684214	1	1	1	4.29313e-08	9.05072e+07
0.685214	1	1	1	4.29956e-08	9.06427e+07
0.686214	1	1	1	4.30601e-08	9.07786e+07
0.687214	1	1	1	4.31246e-08	9.09147e+07
0.688214	1	1	1	4.31894e-08	9.10512e+07
0.689214	1	1	1	4.32542e-08	9.11878e+07
0.690214	1	1	1	4.33192e-08	9.13248e+07
0.691214	1	1	1	4.33843e-08	9.14621e+07
0.692214	1	1	1	4.34495e-08	9.15996e+07
0.693214	1	1	1	4.35149e-08	9.17375e+07
0.694214	1	1	1	4.35804e-08	9.18756e+07
0.695214	1	1	1	4.36461e-08	9.2014e+07
0.696214	1	1	1	4.37119e-08	9.21527e+07
0.697214	1	1	1	4.37778e-08	9.22917e+07
0.698214	1	1	1	4.38438e-08	9.24309e+07
0.699214	1	1	1	4.391e-08	9.25705e+07
0.700214	1	1	1	4.39764e-08	9.27104e+07
0.701214	1	1	1	4.40429e-08	9.28505e+07
0.702214	1	1	1	4.41095e-08	9.29909e+07
0.703214	1	1	1	4.41762e-08	9.31317e+07
0.704214	1	1	1	4.42431e-08	9.32727e+07
0.705214	1	1	1	4.43101e-08	9.3414e+07
0.706214	1	1	1	4.43773e-08	9.35556e+07
0.707214	1	1	1	4.44446e-08	9.36975e+07
0.708214	1	1	1	4.45121e-08	9.38397e+07
0.709214	1	1	1	4.45797e-08	9.39822e+07
0.710214	1	1	1	4.46474e-08	9.4125e+07
0.711214	1	1	1	4.47153e-08	9.4268e+07
0.712214	1	1	1	4.47833e-08	9.44114e+07
0.713214	1	1	1	4.48514e-08	9.45551e+07
0.714214	1	1	1	4.49197e-08	9.46991e+07
0.715214	1	1	1	4.49882e-08	9.48434e+07
0.716214	1	1	1	4.50568e-08	9.4988e+07
0.717214	1	1	1	4.51255e-08	9.51329e+07
0.718214	1	1	1	4.51944e-08	9.52781e+07
0.719214	1	1	1	4.52634e-08	9.54236e+07
0.720214	1	1	1	4.53325e-08	9.55694e+07
0.721214	1	1	1	4.54018e-08	9.57155e+07
0.722214	1	1	1	4.54713e-08	9.58619e+07
0.723214	1	1	1	4.55409e-08	9.60086e+07
0.724214	1	1	1	4.56106e-08	9.61556e+07
0.725214	1	1	1	4.56805e-08	9.6303e+07
0.726214	1	1	1	4.57505e-08	9.64506e+07
0.727214	1	1	1	4.58207e-08	9.65986e+07
0.728214	1	1	1	4.58911e-08	9.67468e+07
0.729214	1	1	1	4.59615e-08	9.68954e+07
0.730214	1	1	1	4.60322e-08	9.70443e+07
0.731214	1	1	1	4.61029e-08	9.71935e+07
0.732214	1	1	1	4.61739e-08	9.7343e+07
0.733214	1	1	1	4.62449e-08	9.74929e+07
0.734214	1	1	1	4.63161e-08	9.7643e+07
0.735214	1	1	1	4.63875e-08	9.77935e+07
0.736214	1	1	1	4.6459e-08	9.79443e+07
0.737214	1	1	1	4.65307e-08	9.80954e+07
0.738214	1	1	1	4.66025e-08	9.82468e+07
0.739214	1	1	1	4.66745e-08	9.83985e+07
0.740214	1	1	1	4.67466e-08	9.85506e+07
0.741214	1	1	1	4.68189e-08	9.87029e+07
0.742214	1	1	1	4.68914e-08	9.88556e+07
0.743214	1	1	1	4.69639e-08	9.90087e+07
0.744214	1	1	1	4.70367e-08	9.9162e+07
0.745214	1	1	1	4.71096e-08	9.93157e+07
0.746214	1	1	1	4.71826e-08	9.94697e+07
0.747214	1	1	1	4.72558e-08	9.9624e+07
0.748214	1	1	1	4.73292e-08	9.97787e+07
0.749214	1	1	1	4.74027e-08	9.99336e+07
0.750214	1	1	1	4.74763e-08	1.00089e+08
0.751214	1	1	1	4.75502e-08	1.00245e+08
0.752214	1	1	1	4.76242e-08	1.00401e+08
0.753214	1	1	1	4.76983e-08	1.00557e+08
0.754214	1	1	1	4.77726e-08	1.00713e+08
0.755214	1	1	1	4.7847e-08	1.0087e+08
0.756214	1	1	1	4.79216e-08	1.01028e+08
0.757214	1	1	1	4.79964e-08	1.01185e+08
0.758214	1	1	1	4.80713e-08	1.01343e+08
0.759214	1	1	1	4.81464e-08	1.01502e+08
0.760214	1	1	1	4.82217e-08	1.0166e+08
0.761214	1	1	1	4.82971e-08	1.01819e+08
0.762214	1	1	1	4.83726e-08	1.01978e+08
0.763214	1	1	1	4.84484e-08	1.02138e+08
0.764214	1	1	1	4.85243e-08	1.02298e+08
0.765214	1	1	1	4.86003e-08	1.02458e+08
0.766214	1	1	1	4.86765e-08	1.02619e+08
0.767214	1	1	1	4.87529e-08	1.0278e+08
0.768214	1	1	1	4.88294e-08	1.02941e+08
0.769214	1	1	1	4.89061e-08	1.03103e+08
0.770214	1	1	1	4.8983e-08	1.03265e+08
0.771214	1	1	1	4.906e-08	1.03428e+08
0.772214	1	1	1	4.91372e-08	1.0359e+08
0.773214	1	1	1	4.92146e-08	1.03753e+08
0.774214	1	1	1	4.92921e-08	1.03917e+08
0.775214	1	1	1	4.93698e-08	1.04081e+08
0.776214	1	1	1	4.94476e-08	1.04245e+08
0.777214	1	1	1	4.95256e-08	1.04409e+08
0.778214	1	1	1	4.96038e-08	1.04574e+08
0.779214	1	1	1	4.96822e-08	1.04739e+08
0.780214	1	1	1	4.97607e-08	1.04905e+08
0.781214	1	1	1	4.98394e-08	1.05071e+08
0.782214	1	1	1	4.99183e-08	1.05237e+08
0.783214	1	1	1	4.99973e-08	1.05404e+08
0.784214	1	1	1	5.00765e-08	1.0557e+08
0.785214	1	1	1	5.01558e-08	1.05738e+08
0.786214	1	1	1	5.02354e-08	1.05905e+08
0.787214	1	1	1	5.03151e-08	1.06074e+08
0.788214	1	1	1	5.0395e-08	1.06242e+08
0.789214	1	1	1	5.0475e-08	1.06411e+08
0.790214	1	1	1	5.05552e-08	1.0658e+08
0.791214	1	1	1	5.06356e-08	1.06749e+08
0.792214	1	1	1	5.07162e-08	1.06919e+08
0.793214	1	1	1	5.07969e-08	1.07089e+08
0.794214	1	1	1	5.08779e-08	1.0726e+08
0.795214	1	1	1	5.09589e-08	1.07431e+08
0.796214	1	1	1	5.10402e-08	1.07602e+08
0.797214	1	1	1	5.11216e-08	1.07774e+08
0.798214	1	1	1	5.12033e-08	1.07946e+08
0.799214	1	1	1	5.1285e-08	1.08118e+08
0.800214	1	1	1	5.1367e-08	1.08291e+08
0.801214	1	1	1	5.14491e-08	1.08464e+08
0.802214	1	1	1	5.15315e-08	1.08638e+08
0.803214	1	1	1	5.1614e-08	1.08812e+08
0.804214	1	1	1	5.16966e-08	1.08986e+08
0.805214	1	1	1	5.17795e-08	1.09161e+08
0.806214	1	1	1	5.18625e-08	1.09336e+08
0.807214	1	1	1	5.19457e-08	1.09511e+08
0.808214	1	1	1	5.20291e-08	1.09687e+08
0.809214	1	1	1	5.21127e-08	1.09863e+08
0.810214	1	1	1	5.21964e-08	1.1004e+08
0.811214	1	1	1	5.22804e-08	1.10217e+08
0.812214	1	1	1	5.23645e-08	1.10394e+08
0.813214	1	1	1	5.24488e-08	1.10572e+08
0.814214	1	1	1	5.25333e-08	1.1075e+08
0.815214	1	1	1	5.26179e-08	1.10928e+08
0.816214	1	1	1	5.27028e-08	1.11107e+08
0.817214	1	1	1	5.27878e-08	1.11286e+08
0.818214	1	1	1	5.2873e-08	1.11466e+08
0.819214	1	1	1	5.29584e-08	1.11646e+08
0.820214	1	1	1	5.3044e-08	1.11827e+08
0.821214	1	1	1	5.31298e-08	1.12007e+08
0.822214	1	1	1	5.32157e-08	1.12189e+08
0.823214	1	1	1	5.33018e-08	1.1237e+08
0.824214	1	1	1	5.33882e-08	1.12552e+08
0.825214	1	1	1	5.34747e-08	1.12735e+08
0.826214	1	1	1	5.35614e-08	1.12917e+08
0.827214	1	1	1	5.36483e-08	1.13101e+08
0.828214	1	1	1	5.37354e-08	1.13284e+08
0.829214	1	1	1	5.38226e-08	1.13468e+08
0.830214	1	1	1	5.39101e-08	1.13652e+08
0.831214	1	1	1	5.39977e-08	1.13837e+08
0.832214	1	1	1	5.40856e-08	1.14022e+08
0.833214	1	1	1	5.41736e-08	1.14208e+08
0.834214	1	1	1	5.42618e-08	1.14394e+08
0.835214	1	1	1	5.43503e-08	1.1458e+08
0.836214	1	1	1	5.44389e-08	1.14767e+08
0.837214	1	1	1	5.45277e-08	1.14954e+08
0.838214	1	1	1	5.46167e-08	1.15142e+08
0.839214	1	1	1	5.47058e-08	1.1533e+08
0.840214	1	1	1	5.47952e-08	1.15518e+08
0.841214	1	1	1	5.48848e-08	1.15707e+08
0.842214	1	1	1	5.49746e-08	1.15897e+08
0.843214	1	1	1	5.50645e-08	1.16086e+08
0.844214	1	1	1	5.51547e-08	1.16276e+08
0.845214	1	1	1	5.52451e-08	1.16467e+08
0.846214	1	1	1	5.53356e-08	1.16658e+08
0.847214	1	1	1	5.54264e-08	1.16849e+08
0.848214	1	1	1	5.55173e-08	1.17041e+08
0.849214	1	1	1	5.56085e-08	1.17233e+08
0.850214	1	1	1	5.56999e-08	1.17426e+08
0.851214	1	1	1	5.57914e-08	1.17619e+08
0.852214	1	1	1	5.58832e-08	1.17812e+08
0.853214	1	1	1	5.59751e-08	1.18006e+08
0.854214	1	1	1	5.60673e-08	1.182e+08
0.855214	1	1	1	5.61596e-08	1.18395e+08
0.856214	1	1	1	5.62522e-08	1.1859e+08
0.857214	1	1	1	5.6345e-08	1.18786e+08
0.858214	1	1	1	5.64379e-08	1.18982e+08
0.859214	1	1	1	5.65311e-08	1.19178e+08
0.860214	1	1	1	5.66245e-08	1.19375e+08
0.861214	1	1	1	5.6718e-08	1.19572e+08
0.862214	1	1	1	5.68118e-08	1.1977e+08
0.863214	1	1	1	5.69058e-08	1.19968e+08
0.864214	1	1	1	5.7e-08	1.20167e+08
0.865214	1	1	1	5.70944e-08	1.20366e+08
0.866214	1	1	1	5.7189e-08	1.20565e+08
0.867214	1	1	1	5.72838e-08	1.20765e+08
0.868214	1	1	1	5.73789e-08	1.20965e+08
0.869214	1	1	1	5.74741e-08	1.21166e+08
0.870214	1	1	1	5.75696e-08	1.21367e+08
0.871214	1	1	1	5.76652e-08	1.21569e+08
0.872214	1	1	1	5.77611e-08	1.21771e+08
0.873214	1	1	1	5.78571e-08	1.21974e+08
0.874214	1	1	1	5.79534e-08	1.22177e+08
0.875214	1	1	1	5.80499e-08	1.2238e+08
0.876214	1	1	1	5.81466e-08	1.22584e+08
0.877214	1	1	1	5.82436e-08	1.22788e+08
0.878214	1	1	1	5.83407e-08	1.22993e+08
0.879214	1	1	1	5.84381e-08	1.23198e+08
0.880214	1	1	1	5.85356e-08	1.23404e+08
0.881214	1	1	1	5.86334e-08	1.2361e+08
0.882214	1	1	1	5.87314e-08	1.23817e+08
0.883214	1	1	1	5.88296e-08	1.24024e+08
0.884214	1	1	1	5.8928e-08	1.24231e+08
0.885214	1	1	1	5.90267e-08	1.24439e+08
0.886214	1	1	1	5.91255e-08	1.24648e+08
0.887214	1	1	1	5.92246e-08	1.24856e+08
0.888214	1	1	1	5.93239e-08	1.25066e+08
0.889214	1	1	1	5.94234e-08	1.25276e+08
0.890214	1	1	1	5.95232e-08	1.25486e+08
0.891214	1	1	1	5.96231e-08	1.25697e+08
0.892214	1	1	1	5.97233e-08	1.25908e+08
0.893214	1	1	1	5.98237e-08	1.26119e+08
0.894214	1	1	1	5.99243e-08	1.26332e+08
0.895214	1	1	1	6.00252e-08	1.26544e+08
0.896214	1	1	1	6.01263e-08	1.26757e+08
0.897214	1	1	1	6.02276e-08	1.26971e+08
0.898214	1	1	1	6.03291e-08	1.27185e+08
0.899214	1	1	1	6.04308e-08	1.27399e+08
0.900214	1	1	1	6.05328e-08	1.27614e+08
0.901214	1	1	1	6.0635e-08	1.2783e+08
0.902214	1	1	1	6.07374e-08	1.28046e+08
0.903214	1	1	1	6.084e-08	1.28262e+08
0.904214	1	1	1	6.09429e-08	1.28479e+08
0.905214	1	1	1	6.1046e-08	1.28696e+08
0.906214	1	1	1	6.11493e-08	1.28914e+08
0.907214	1	1	1	6.12529e-08	1.29132e+08
0.908214	1	1	1	6.13567e-08	1.29351e+08
0.909214	1	1	1	6.14607e-08	1.2957e+08
0.910214	1	1	1	6.15649e-08	1.2979e+08
0.911214	1	1	1	6.16694e-08	1.3001e+08
0.912214	1	1	1	6.17741e-08	1.30231e+08
0.913214	1	1	1	6.1879e-08	1.30452e+08
0.914214	1	1	1	6.19842e-08	1.30674e+08
0.915214	1	1	1	6.20896e-08	1.30896e+08
0.916214	1	1	1	6.21953e-08	1.31119e+08
0.917214	1	1	1	6.23011e-08	1.31342e+08
0.918214	1	1	1	6.24072e-08	1.31566e+08
0.919214	1	1	1	6.25136e-08	1.3179e+08
0.920214	1	1	1	6.26202e-08	1.32015e+08
0.921214	1	1	1	6.2727e-08	1.3224e+08
0.922214	1	1	1	6.2834e-08	1.32466e+08
0.923214	1	1	1	6.29413e-08	1.32692e+08
0.924214	1	1	1	6.30489e-08	1.32919e+08
0.925214	1	1	1	6.31566e-08	1.33146e+08
0.926214	1	1	1	6.32646e-08	1.33374e+08
0.927214	1	1	1	6.33729e-08	1.33602e+08
0.928214	1	1	1	6.34814e-08	1.3383e+08
0.929214	1	1	1	6.35901e-08	1.3406e+08
0.930214	1	1	1	6.36991e-08	1.34289e+08
0.931214	1	1	1	6.38083e-08	1.3452e+08
0.932214	1	1	1	6.39177e-08	1.3475e+08
0.933214	1	1	1	6.40274e-08	1.34982e+08
0.934214	1	1	1	6.41374e-08	1.35213e+08
0.935214	1	1	1	6.42476e-08	1.35446e+08
0.936214	1	1	1	6.4358e-08	1.35679e+08
0.937214	1	1	1	6.44687e-08	1.35912e+08
0.938214	1	1	1	6.45796e-08	1.36146e+08
0.939214	1	1	1	6.46908e-08	1.3638e+08
0.940214	1	1	1	6.48022e-08	1.36615e+08
0.941214	1	1	1	6.49139e-08	1.3685e+08
0.942214	1	1	1	6.50258e-08	1.37086e+08
0.943214	1	1	1	6.51379e-08	1.37323e+08
0.944214	1	1	1	6.52504e-08	1.3756e+08
0.945214	1	1	1	6.5363e-08	1.37797e+08
0.946214	1	1	1	6.54759e-08	1.38035e+08
0.947214	1	1	1	6.55891e-08	1.38274e+08
0.948214	1	1	1	6.57025e-08	1.38513e+08
0.949214	1	1	1	6.58162e-08	1.38753e+08
0.950214	1	1	1	6.59301e-08	1.38993e+08
0.951214	1	1	1	6.60443e-08	1.39234e+08
0.952214	1	1	1	6.61587e-08	1.39475e+08
0.953214	1	1	1	6.62734e-08	1.39717e+08
0.954214	1	1	1	6.63884e-08	1.39959e+08
0.955214	1	1	1	6.65036e-08	1.40202e+08
0.956214	1	1	1	6.6619e-08	1.40445e+08
0.957214	1	1	1	6.67347e-08	1.40689e+08
0.958214	1	1	1	6.68507e-08	1.40934e+08
0.959214	1	1	1	6.69669e-08	1.41179e+08
0.960214	1	1	1	6.70834e-08	1.41424e+08
0.961214	1	1	1	6.72002e-08	1.4167e+08
0.962214	1	1	1	6.73172e-08	1.41917e+08
0.963214	1	1	1	6.74345e-08	1.42164e+08
0.964214	1	1	1	6.7552e-08	1.42412e+08
0.965214	1	1	1	6.76698e-08	1.4266e+08
0.966214	1	1	1	6.77878e-08	1.42909e+08
0.967214	1	1	1	6.79062e-08	1.43159e+08
0.968214	1	1	1	6.80247e-08	1.43409e+08
0.969214	1	1	1	6.81436e-08	1.43659e+08
0.970214	1	1	1	6.82627e-08	1.4391e+08
0.971214	1	1	1	6.83821e-08	1.44162e+08
0.972214	1	1	1	6.85017e-08	1.44414e+08
0.973214	1	1	1	6.86216e-08	1.44667e+08
0.974214	1	1	1	6.87418e-08	1.4492e+08
0.975214	1	1	1	6.88623e-08	1.45174e+08
0.976214	1	1	1	6.8983e-08	1.45429e+08
0.977214	1	1	1	6.9104e-08	1.45684e+08
0.978214	1	1	1	6.92252e-08	1.4594e+08
0.979214	1	1	1	6.93467e-08	1.46196e+08
0.980214	1	1	1	6.94685e-08	1.46453e+08
0.981214	1	1	1	6.95906e-08	1.4671e+08
0.982214	1	1	1	6.97129e-08	1.46968e+08
0.983214	1	1	1	6.98356e-08	1.47226e+08
0.984214	1	1	1	6.99584e-08	1.47485e+08
0.985214	1	1	1	7.00816e-08	1.47745e+08
0.986214	1	1	1	7.0205e-08	1.48005e+08
0.987214	1	1	1	7.03287e-08	1.48266e+08
0.988214	1	1	1	7.04527e-08	1.48527e+08
0.989214	1	1	1	7.0577e-08	1.48789e+08
0.990214	1	1	1	7.07015e-08	1.49052e+08
0.991214	1	1	1	7.08264e-08	1.49315e+08
0.992214	1	1	1	7.09515e-08	1.49579e+08
0.993214	1	1	1	7.10768e-08	1.49843e+08
0.994214	1	1	1	7.12025e-08	1.50108e+08
0.995214	1	1	1	7.13284e-08	1.50374e+08
0.996214	1	1	1	7.14546e-08	1.5064e+08
0.997214	1	1	1	7.15811e-08	1.50906e+08
0.998214	1	1	1	7.17079e-08	1.51174e+08
0.999214	1	1	1	7.1835e-08	1.51441e+08
