% time	cellId	IMSI	RNTI	rsrp	sinr
0.000214285	1	1	0	1.68845e-08	3.55957e+07
0.00121429	1	1	0	1.69021e-08	3.56327e+07
0.00221428	1	1	0	1.69196e-08	3.56698e+07
0.00321428	1	1	0	1.69373e-08	3.57069e+07
0.00421428	1	1	0	1.69549e-08	3.5744e+07
0.00521428	1	1	0	1.69725e-08	3.57813e+07
0.00621428	1	1	0	1.69902e-08	3.58186e+07
0.00721428	1	1	0	1.7008e-08	3.58559e+07
0.00821428	1	1	0	1.70257e-08	3.58933e+07
0.00921428	1	1	0	1.70435e-08	3.59308e+07
0.0102143	1	1	0	1.70613e-08	3.59683e+07
0.0112143	1	1	0	1.70791e-08	3.60059e+07
0.0122143	1	1	0	1.70969e-08	3.60435e+07
0.0132143	1	1	0	1.71148e-08	3.60812e+07
0.0142143	1	1	0	1.71327e-08	3.6119e+07
0.0152143	1	1	0	1.71507e-08	3.61568e+07
0.0162143	1	1	0	1.71686e-08	3.61946e+07
0.0172143	1	1	0	1.71866e-08	3.62326e+07
0.0182143	1	1	0	1.72046e-08	3.62705e+07
0.0192143	1	1	0	1.72227e-08	3.63086e+07
0.0202143	1	1	0	1.72408e-08	3.63467e+07
0.0212143	1	1	1	1.72589e-08	3.63849e+07
0.0222143	1	1	1	1.7277e-08	3.64231e+07
0.0232143	1	1	1	1.72951e-08	3.64614e+07
0.0242143	1	1	1	1.73133e-08	3.64997e+07
0.0252143	1	1	1	1.73316e-08	3.65381e+07
0.0262143	1	1	1	1.73498e-08	3.65766e+07
0.0272143	1	1	1	1.73681e-08	3.66151e+07
0.0282143	1	1	1	1.73864e-08	3.66537e+07
0.0292143	1	1	1	1.74047e-08	3.66923e+07
0.0302143	1	1	1	1.74231e-08	3.6731e+07
0.0312143	1	1	1	1.74414e-08	3.67698e+07
0.0322143	1	1	1	1.74599e-08	3.68086e+07
0.0332143	1	1	1	1.74783e-08	3.68475e+07
0.0342143	1	1	1	1.74968e-08	3.68864e+07
0.0352143	1	1	1	1.75153e-08	3.69255e+07
0.0362143	1	1	1	1.75338e-08	3.69645e+07
0.0372143	1	1	1	1.75524e-08	3.70036e+07
0.0382143	1	1	1	1.7571e-08	3.70428e+07
0.0392143	1	1	1	1.75896e-08	3.70821e+07
0.0402143	1	1	1	1.76082e-08	3.71214e+07
0.0412143	1	1	1	1.76269e-08	3.71608e+07
0.0422143	1	1	1	1.76456e-08	3.72002e+07
0.0432143	1	1	1	1.76643e-08	3.72397e+07
0.0442143	1	1	1	1.76831e-08	3.72793e+07
0.0452143	1	1	1	1.77019e-08	3.73189e+07
0.0462143	1	1	1	1.77207e-08	3.73586e+07
0.0472143	1	1	1	1.77396e-08	3.73983e+07
0.0482143	1	1	1	1.77585e-08	3.74381e+07
0.0492143	1	1	1	1.77774e-08	3.7478e+07
0.0502143	1	1	1	1.77963e-08	3.75179e+07
0.0512143	1	1	1	1.78153e-08	3.75579e+07
0.0522143	1	1	1	1.78343e-08	3.7598e+07
0.0532143	1	1	1	1.78533e-08	3.76381e+07
0.0542143	1	1	1	1.78724e-08	3.76783e+07
0.0552143	1	1	1	1.78915e-08	3.77186e+07
0.0562143	1	1	1	1.79106e-08	3.77589e+07
0.0572143	1	1	1	1.79298e-08	3.77993e+07
0.0582143	1	1	1	1.7949e-08	3.78397e+07
0.0592143	1	1	1	1.79682e-08	3.78802e+07
0.0602143	1	1	1	1.79874e-08	3.79208e+07
0.0612143	1	1	1	1.80067e-08	3.79614e+07
0.0622143	1	1	1	1.8026e-08	3.80021e+07
0.0632143	1	1	1	1.80453e-08	3.80429e+07
0.0642143	1	1	1	1.80647e-08	3.80837e+07
0.0652143	1	1	1	1.80841e-08	3.81246e+07
0.0662143	1	1	1	1.81035e-08	3.81656e+07
0.0672143	1	1	1	1.8123e-08	3.82066e+07
0.0682143	1	1	1	1.81425e-08	3.82477e+07
0.0692143	1	1	1	1.8162e-08	3.82889e+07
0.0702143	1	1	1	1.81815e-08	3.83301e+07
0.0712143	1	1	1	1.82011e-08	3.83714e+07
0.0722143	1	1	1	1.82207e-08	3.84127e+07
0.0732143	1	1	1	1.82404e-08	3.84541e+07
0.0742143	1	1	1	1.82601e-08	3.84956e+07
0.0752143	1	1	1	1.82798e-08	3.85372e+07
0.0762143	1	1	1	1.82995e-08	3.85788e+07
0.0772143	1	1	1	1.83193e-08	3.86205e+07
0.0782143	1	1	1	1.83391e-08	3.86622e+07
0.0792143	1	1	1	1.83589e-08	3.8704e+07
0.0802143	1	1	1	1.83788e-08	3.87459e+07
0.0812143	1	1	1	1.83987e-08	3.87879e+07
0.0822143	1	1	1	1.84186e-08	3.88299e+07
0.0832143	1	1	1	1.84386e-08	3.8872e+07
0.0842143	1	1	1	1.84586e-08	3.89141e+07
0.0852143	1	1	1	1.84786e-08	3.89563e+07
0.0862143	1	1	1	1.84987e-08	3.89986e+07
0.0872143	1	1	1	1.85188e-08	3.9041e+07
0.0882143	1	1	1	1.85389e-08	3.90834e+07
0.0892143	1	1	1	1.8559e-08	3.91259e+07
0.0902143	1	1	1	1.85792e-08	3.91685e+07
0.0912143	1	1	1	1.85995e-08	3.92111e+07
0.0922143	1	1	1	1.86197e-08	3.92538e+07
0.0932143	1	1	1	1.864e-08	3.92966e+07
0.0942143	1	1	1	1.86603e-08	3.93394e+07
0.0952143	1	1	1	1.86807e-08	3.93823e+07
0.0962143	1	1	1	1.87011e-08	3.94253e+07
0.0972143	1	1	1	1.87215e-08	3.94683e+07
0.0982143	1	1	1	1.87419e-08	3.95114e+07
0.0992143	1	1	1	1.87624e-08	3.95546e+07
0.100214	1	1	1	1.87829e-08	3.95979e+07
0.101214	1	1	1	1.88035e-08	3.96412e+07
0.102214	1	1	1	1.88241e-08	3.96846e+07
0.103214	1	1	1	1.88447e-08	3.97281e+07
0.104214	1	1	1	1.88653e-08	3.97716e+07
0.105214	1	1	1	1.8886e-08	3.98152e+07
0.106214	1	1	1	1.89067e-08	3.98589e+07
0.107214	1	1	1	1.89275e-08	3.99026e+07
0.108214	1	1	1	1.89483e-08	3.99464e+07
0.109214	1	1	1	1.89691e-08	3.99903e+07
0.110214	1	1	1	1.89899e-08	4.00343e+07
0.111214	1	1	1	1.90108e-08	4.00783e+07
0.112214	1	1	1	1.90317e-08	4.01224e+07
0.113214	1	1	1	1.90527e-08	4.01666e+07
0.114214	1	1	1	1.90737e-08	4.02108e+07
0.115214	1	1	1	1.90947e-08	4.02551e+07
0.116214	1	1	1	1.91157e-08	4.02995e+07
0.117214	1	1	1	1.91368e-08	4.0344e+07
0.118214	1	1	1	1.9158e-08	4.03885e+07
0.119214	1	1	1	1.91791e-08	4.04331e+07
0.120214	1	1	1	1.92003e-08	4.04778e+07
0.121214	1	1	1	1.92215e-08	4.05226e+07
0.122214	1	1	1	1.92428e-08	4.05674e+07
0.123214	1	1	1	1.92641e-08	4.06123e+07
0.124214	1	1	1	1.92854e-08	4.06573e+07
0.125214	1	1	1	1.93068e-08	4.07023e+07
0.126214	1	1	1	1.93282e-08	4.07474e+07
0.127214	1	1	1	1.93496e-08	4.07926e+07
0.128214	1	1	1	1.93711e-08	4.08379e+07
0.129214	1	1	1	1.93926e-08	4.08833e+07
0.130214	1	1	1	1.94142e-08	4.09287e+07
0.131214	1	1	1	1.94358e-08	4.09742e+07
0.132214	1	1	1	1.94574e-08	4.10197e+07
0.133214	1	1	1	1.9479e-08	4.10654e+07
0.134214	1	1	1	1.95007e-08	4.11111e+07
0.135214	1	1	1	1.95224e-08	4.11569e+07
0.136214	1	1	1	1.95442e-08	4.12028e+07
0.137214	1	1	1	1.9566e-08	4.12487e+07
0.138214	1	1	1	1.95878e-08	4.12947e+07
0.139214	1	1	1	1.96097e-08	4.13408e+07
0.140214	1	1	1	1.96316e-08	4.1387e+07
0.141214	1	1	1	1.96535e-08	4.14332e+07
0.142214	1	1	1	1.96755e-08	4.14796e+07
0.143214	1	1	1	1.96975e-08	4.1526e+07
0.144214	1	1	1	1.97195e-08	4.15724e+07
0.145214	1	1	1	1.97416e-08	4.1619e+07
0.146214	1	1	1	1.97637e-08	4.16656e+07
0.147214	1	1	1	1.97859e-08	4.17123e+07
0.148214	1	1	1	1.98081e-08	4.17591e+07
0.149214	1	1	1	1.98303e-08	4.1806e+07
0.150214	1	1	1	1.98526e-08	4.18529e+07
0.151214	1	1	1	1.98749e-08	4.18999e+07
0.152214	1	1	1	1.98972e-08	4.1947e+07
0.153214	1	1	1	1.99196e-08	4.19942e+07
0.154214	1	1	1	1.9942e-08	4.20415e+07
0.155214	1	1	1	1.99645e-08	4.20888e+07
0.156214	1	1	1	1.9987e-08	4.21362e+07
0.157214	1	1	1	2.00095e-08	4.21837e+07
0.158214	1	1	1	2.0032e-08	4.22313e+07
0.159214	1	1	1	2.00546e-08	4.22789e+07
0.160214	1	1	1	2.00773e-08	4.23266e+07
0.161214	1	1	1	2.01e-08	4.23744e+07
0.162214	1	1	1	2.01227e-08	4.24223e+07
0.163214	1	1	1	2.01454e-08	4.24703e+07
0.164214	1	1	1	2.01682e-08	4.25183e+07
0.165214	1	1	1	2.0191e-08	4.25665e+07
0.166214	1	1	1	2.02139e-08	4.26147e+07
0.167214	1	1	1	2.02368e-08	4.2663e+07
0.168214	1	1	1	2.02598e-08	4.27113e+07
0.169214	1	1	1	2.02827e-08	4.27598e+07
0.170214	1	1	1	2.03058e-08	4.28083e+07
0.171214	1	1	1	2.03288e-08	4.28569e+07
0.172214	1	1	1	2.03519e-08	4.29056e+07
0.173214	1	1	1	2.03751e-08	4.29544e+07
0.174214	1	1	1	2.03982e-08	4.30033e+07
0.175214	1	1	1	2.04215e-08	4.30522e+07
0.176214	1	1	1	2.04447e-08	4.31012e+07
0.177214	1	1	1	2.0468e-08	4.31503e+07
0.178214	1	1	1	2.04913e-08	4.31995e+07
0.179214	1	1	1	2.05147e-08	4.32488e+07
0.180214	1	1	1	2.05381e-08	4.32981e+07
0.181214	1	1	1	2.05616e-08	4.33476e+07
0.182214	1	1	1	2.05851e-08	4.33971e+07
0.183214	1	1	1	2.06086e-08	4.34467e+07
0.184214	1	1	1	2.06321e-08	4.34964e+07
0.185214	1	1	1	2.06558e-08	4.35462e+07
0.186214	1	1	1	2.06794e-08	4.3596e+07
0.187214	1	1	1	2.07031e-08	4.3646e+07
0.188214	1	1	1	2.07268e-08	4.3696e+07
0.189214	1	1	1	2.07506e-08	4.37461e+07
0.190214	1	1	1	2.07744e-08	4.37963e+07
0.191214	1	1	1	2.07983e-08	4.38466e+07
0.192214	1	1	1	2.08221e-08	4.38969e+07
0.193214	1	1	1	2.08461e-08	4.39474e+07
0.194214	1	1	1	2.087e-08	4.39979e+07
0.195214	1	1	1	2.08941e-08	4.40485e+07
0.196214	1	1	1	2.09181e-08	4.40992e+07
0.197214	1	1	1	2.09422e-08	4.415e+07
0.198214	1	1	1	2.09663e-08	4.42009e+07
0.199214	1	1	1	2.09905e-08	4.42519e+07
0.200214	1	1	1	2.10147e-08	4.43029e+07
0.201214	1	1	1	2.1039e-08	4.43541e+07
0.202214	1	1	1	2.10633e-08	4.44053e+07
0.203214	1	1	1	2.10876e-08	4.44566e+07
0.204214	1	1	1	2.1112e-08	4.4508e+07
0.205214	1	1	1	2.11364e-08	4.45595e+07
0.206214	1	1	1	2.11609e-08	4.46111e+07
0.207214	1	1	1	2.11854e-08	4.46628e+07
0.208214	1	1	1	2.121e-08	4.47145e+07
0.209214	1	1	1	2.12345e-08	4.47663e+07
0.210214	1	1	1	2.12592e-08	4.48183e+07
0.211214	1	1	1	2.12839e-08	4.48703e+07
0.212214	1	1	1	2.13086e-08	4.49224e+07
0.213214	1	1	1	2.13333e-08	4.49746e+07
0.214214	1	1	1	2.13581e-08	4.50269e+07
0.215214	1	1	1	2.1383e-08	4.50793e+07
0.216214	1	1	1	2.14079e-08	4.51317e+07
0.217214	1	1	1	2.14328e-08	4.51843e+07
0.218214	1	1	1	2.14578e-08	4.5237e+07
0.219214	1	1	1	2.14828e-08	4.52897e+07
0.220214	1	1	1	2.15078e-08	4.53425e+07
0.221214	1	1	1	2.15329e-08	4.53954e+07
0.222214	1	1	1	2.15581e-08	4.54485e+07
0.223214	1	1	1	2.15833e-08	4.55016e+07
0.224214	1	1	1	2.16085e-08	4.55548e+07
0.225214	1	1	1	2.16338e-08	4.5608e+07
0.226214	1	1	1	2.16591e-08	4.56614e+07
0.227214	1	1	1	2.16845e-08	4.57149e+07
0.228214	1	1	1	2.17099e-08	4.57685e+07
0.229214	1	1	1	2.17353e-08	4.58221e+07
0.230214	1	1	1	2.17608e-08	4.58759e+07
0.231214	1	1	1	2.17864e-08	4.59297e+07
0.232214	1	1	1	2.1812e-08	4.59836e+07
0.233214	1	1	1	2.18376e-08	4.60377e+07
0.234214	1	1	1	2.18633e-08	4.60918e+07
0.235214	1	1	1	2.1889e-08	4.6146e+07
0.236214	1	1	1	2.19147e-08	4.62003e+07
0.237214	1	1	1	2.19405e-08	4.62547e+07
0.238214	1	1	1	2.19664e-08	4.63092e+07
0.239214	1	1	1	2.19923e-08	4.63638e+07
0.240214	1	1	1	2.20182e-08	4.64185e+07
0.241214	1	1	1	2.20442e-08	4.64733e+07
0.242214	1	1	1	2.20702e-08	4.65282e+07
0.243214	1	1	1	2.20963e-08	4.65831e+07
0.244214	1	1	1	2.21224e-08	4.66382e+07
0.245214	1	1	1	2.21486e-08	4.66934e+07
0.246214	1	1	1	2.21748e-08	4.67486e+07
0.247214	1	1	1	2.22011e-08	4.6804e+07
0.248214	1	1	1	2.22274e-08	4.68595e+07
0.249214	1	1	1	2.22537e-08	4.6915e+07
0.250214	1	1	1	2.22801e-08	4.69707e+07
0.251214	1	1	1	2.23066e-08	4.70264e+07
0.252214	1	1	1	2.23331e-08	4.70823e+07
0.253214	1	1	1	2.23596e-08	4.71382e+07
0.254214	1	1	1	2.23862e-08	4.71942e+07
0.255214	1	1	1	2.24128e-08	4.72504e+07
0.256214	1	1	1	2.24395e-08	4.73066e+07
0.257214	1	1	1	2.24662e-08	4.73629e+07
0.258214	1	1	1	2.2493e-08	4.74194e+07
0.259214	1	1	1	2.25198e-08	4.74759e+07
0.260214	1	1	1	2.25467e-08	4.75326e+07
0.261214	1	1	1	2.25736e-08	4.75893e+07
0.262214	1	1	1	2.26005e-08	4.76461e+07
0.263214	1	1	1	2.26275e-08	4.77031e+07
0.264214	1	1	1	2.26546e-08	4.77601e+07
0.265214	1	1	1	2.26817e-08	4.78172e+07
0.266214	1	1	1	2.27089e-08	4.78745e+07
0.267214	1	1	1	2.2736e-08	4.79318e+07
0.268214	1	1	1	2.27633e-08	4.79892e+07
0.269214	1	1	1	2.27906e-08	4.80468e+07
0.270214	1	1	1	2.28179e-08	4.81044e+07
0.271214	1	1	1	2.28453e-08	4.81622e+07
0.272214	1	1	1	2.28728e-08	4.822e+07
0.273214	1	1	1	2.29002e-08	4.8278e+07
0.274214	1	1	1	2.29278e-08	4.8336e+07
0.275214	1	1	1	2.29554e-08	4.83942e+07
0.276214	1	1	1	2.2983e-08	4.84524e+07
0.277214	1	1	1	2.30107e-08	4.85108e+07
0.278214	1	1	1	2.30384e-08	4.85692e+07
0.279214	1	1	1	2.30662e-08	4.86278e+07
0.280214	1	1	1	2.3094e-08	4.86865e+07
0.281214	1	1	1	2.31219e-08	4.87452e+07
0.282214	1	1	1	2.31498e-08	4.88041e+07
0.283214	1	1	1	2.31778e-08	4.88631e+07
0.284214	1	1	1	2.32058e-08	4.89222e+07
0.285214	1	1	1	2.32339e-08	4.89814e+07
0.286214	1	1	1	2.3262e-08	4.90407e+07
0.287214	1	1	1	2.32902e-08	4.91001e+07
0.288214	1	1	1	2.33185e-08	4.91596e+07
0.289214	1	1	1	2.33467e-08	4.92192e+07
0.290214	1	1	1	2.33751e-08	4.9279e+07
0.291214	1	1	1	2.34034e-08	4.93388e+07
0.292214	1	1	1	2.34319e-08	4.93987e+07
0.293214	1	1	1	2.34604e-08	4.94588e+07
0.294214	1	1	1	2.34889e-08	4.95189e+07
0.295214	1	1	1	2.35175e-08	4.95792e+07
0.296214	1	1	1	2.35461e-08	4.96396e+07
0.297214	1	1	1	2.35748e-08	4.97001e+07
0.298214	1	1	1	2.36035e-08	4.97606e+07
0.299214	1	1	1	2.36323e-08	4.98213e+07
0.300214	1	1	1	2.36612e-08	4.98821e+07
0.301214	1	1	1	2.36901e-08	4.99431e+07
0.302214	1	1	1	2.3719e-08	5.00041e+07
0.303214	1	1	1	2.3748e-08	5.00652e+07
0.304214	1	1	1	2.37771e-08	5.01265e+07
0.305214	1	1	1	2.38062e-08	5.01878e+07
0.306214	1	1	1	2.38353e-08	5.02493e+07
0.307214	1	1	1	2.38645e-08	5.03109e+07
0.308214	1	1	1	2.38938e-08	5.03725e+07
0.309214	1	1	1	2.39231e-08	5.04343e+07
0.310214	1	1	1	2.39525e-08	5.04963e+07
0.311214	1	1	1	2.39819e-08	5.05583e+07
0.312214	1	1	1	2.40114e-08	5.06204e+07
0.313214	1	1	1	2.40409e-08	5.06827e+07
0.314214	1	1	1	2.40705e-08	5.0745e+07
0.315214	1	1	1	2.41001e-08	5.08075e+07
0.316214	1	1	1	2.41298e-08	5.08701e+07
0.317214	1	1	1	2.41595e-08	5.09328e+07
0.318214	1	1	1	2.41893e-08	5.09956e+07
0.319214	1	1	1	2.42192e-08	5.10585e+07
0.320214	1	1	1	2.42491e-08	5.11216e+07
0.321214	1	1	1	2.4279e-08	5.11847e+07
0.322214	1	1	1	2.43091e-08	5.1248e+07
0.323214	1	1	1	2.43391e-08	5.13114e+07
0.324214	1	1	1	2.43692e-08	5.13749e+07
0.325214	1	1	1	2.43994e-08	5.14385e+07
0.326214	1	1	1	2.44297e-08	5.15022e+07
0.327214	1	1	1	2.44599e-08	5.15661e+07
0.328214	1	1	1	2.44903e-08	5.163e+07
0.329214	1	1	1	2.45207e-08	5.16941e+07
0.330214	1	1	1	2.45511e-08	5.17583e+07
0.331214	1	1	1	2.45816e-08	5.18226e+07
0.332214	1	1	1	2.46122e-08	5.18871e+07
0.333214	1	1	1	2.46428e-08	5.19516e+07
0.334214	1	1	1	2.46735e-08	5.20163e+07
0.335214	1	1	1	2.47042e-08	5.20811e+07
0.336214	1	1	1	2.4735e-08	5.2146e+07
0.337214	1	1	1	2.47659e-08	5.2211e+07
0.338214	1	1	1	2.47968e-08	5.22762e+07
0.339214	1	1	1	2.48277e-08	5.23414e+07
0.340214	1	1	1	2.48587e-08	5.24068e+07
0.341214	1	1	1	2.48898e-08	5.24723e+07
0.342214	1	1	1	2.49209e-08	5.2538e+07
0.343214	1	1	1	2.49521e-08	5.26037e+07
0.344214	1	1	1	2.49834e-08	5.26696e+07
0.345214	1	1	1	2.50147e-08	5.27356e+07
0.346214	1	1	1	2.5046e-08	5.28017e+07
0.347214	1	1	1	2.50775e-08	5.28679e+07
0.348214	1	1	1	2.51089e-08	5.29343e+07
0.349214	1	1	1	2.51405e-08	5.30008e+07
0.350214	1	1	1	2.51721e-08	5.30674e+07
0.351214	1	1	1	2.52037e-08	5.31341e+07
0.352214	1	1	1	2.52354e-08	5.32009e+07
0.353214	1	1	1	2.52672e-08	5.32679e+07
0.354214	1	1	1	2.5299e-08	5.3335e+07
0.355214	1	1	1	2.53309e-08	5.34022e+07
0.356214	1	1	1	2.53629e-08	5.34696e+07
0.357214	1	1	1	2.53949e-08	5.35371e+07
0.358214	1	1	1	2.54269e-08	5.36047e+07
0.359214	1	1	1	2.5459e-08	5.36724e+07
0.360214	1	1	1	2.54912e-08	5.37402e+07
0.361214	1	1	1	2.55235e-08	5.38082e+07
0.362214	1	1	1	2.55558e-08	5.38763e+07
0.363214	1	1	1	2.55881e-08	5.39445e+07
0.364214	1	1	1	2.56206e-08	5.40129e+07
0.365214	1	1	1	2.5653e-08	5.40814e+07
0.366214	1	1	1	2.56856e-08	5.415e+07
0.367214	1	1	1	2.57182e-08	5.42187e+07
0.368214	1	1	1	2.57509e-08	5.42876e+07
0.369214	1	1	1	2.57836e-08	5.43566e+07
0.370214	1	1	1	2.58164e-08	5.44257e+07
0.371214	1	1	1	2.58492e-08	5.44949e+07
0.372214	1	1	1	2.58821e-08	5.45643e+07
0.373214	1	1	1	2.59151e-08	5.46338e+07
0.374214	1	1	1	2.59481e-08	5.47035e+07
0.375214	1	1	1	2.59812e-08	5.47733e+07
0.376214	1	1	1	2.60144e-08	5.48432e+07
0.377214	1	1	1	2.60476e-08	5.49132e+07
0.378214	1	1	1	2.60819e-08	5.49854e+07
0.379214	1	1	1	2.61229e-08	5.5072e+07
0.380214	1	1	1	2.61641e-08	5.51587e+07
0.381214	1	1	1	2.62053e-08	5.52457e+07
0.382214	1	1	1	2.62466e-08	5.53328e+07
0.383214	1	1	1	2.6288e-08	5.54201e+07
0.384214	1	1	1	2.63295e-08	5.55075e+07
0.385214	1	1	1	2.63711e-08	5.55952e+07
0.386214	1	1	1	2.64128e-08	5.5683e+07
0.387214	1	1	1	2.64545e-08	5.5771e+07
0.388214	1	1	1	2.64963e-08	5.58592e+07
0.389214	1	1	1	2.65382e-08	5.59475e+07
0.390214	1	1	1	2.65802e-08	5.60361e+07
0.391214	1	1	1	2.66223e-08	5.61248e+07
0.392214	1	1	1	2.66645e-08	5.62137e+07
0.393214	1	1	1	2.67067e-08	5.63027e+07
0.394214	1	1	1	2.67491e-08	5.6392e+07
0.395214	1	1	1	2.67915e-08	5.64814e+07
0.396214	1	1	1	2.6834e-08	5.6571e+07
0.397214	1	1	1	2.68766e-08	5.66608e+07
0.398214	1	1	1	2.69193e-08	5.67508e+07
0.399214	1	1	1	2.6962e-08	5.6841e+07
0.400214	1	1	1	2.70049e-08	5.69313e+07
0.401214	1	1	1	2.70478e-08	5.70218e+07
0.402214	1	1	1	2.70908e-08	5.71125e+07
0.403214	1	1	1	2.7134e-08	5.72034e+07
0.404214	1	1	1	2.71772e-08	5.72945e+07
0.405214	1	1	1	2.72204e-08	5.73857e+07
0.406214	1	1	1	2.72638e-08	5.74772e+07
0.407214	1	1	1	2.73073e-08	5.75688e+07
0.408214	1	1	1	2.73508e-08	5.76606e+07
0.409214	1	1	1	2.73945e-08	5.77526e+07
0.410214	1	1	1	2.74382e-08	5.78448e+07
0.411214	1	1	1	2.7482e-08	5.79372e+07
0.412214	1	1	1	2.75259e-08	5.80297e+07
0.413214	1	1	1	2.75699e-08	5.81225e+07
0.414214	1	1	1	2.7614e-08	5.82154e+07
0.415214	1	1	1	2.76582e-08	5.83085e+07
0.416214	1	1	1	2.77024e-08	5.84018e+07
0.417214	1	1	1	2.77468e-08	5.84953e+07
0.418214	1	1	1	2.77912e-08	5.8589e+07
0.419214	1	1	1	2.78358e-08	5.86829e+07
0.420214	1	1	1	2.78804e-08	5.8777e+07
0.421214	1	1	1	2.79251e-08	5.88712e+07
0.422214	1	1	1	2.79699e-08	5.89657e+07
0.423214	1	1	1	2.80148e-08	5.90603e+07
0.424214	1	1	1	2.80598e-08	5.91552e+07
0.425214	1	1	1	2.81048e-08	5.92502e+07
0.426214	1	1	1	2.815e-08	5.93454e+07
0.427214	1	1	1	2.81953e-08	5.94408e+07
0.428214	1	1	1	2.82406e-08	5.95364e+07
0.429214	1	1	1	2.8286e-08	5.96322e+07
0.430214	1	1	1	2.83316e-08	5.97282e+07
0.431214	1	1	1	2.83772e-08	5.98244e+07
0.432214	1	1	1	2.84229e-08	5.99208e+07
0.433214	1	1	1	2.84687e-08	6.00173e+07
0.434214	1	1	1	2.85146e-08	6.01141e+07
0.435214	1	1	1	2.85606e-08	6.02111e+07
0.436214	1	1	1	2.86067e-08	6.03082e+07
0.437214	1	1	1	2.86529e-08	6.04056e+07
0.438214	1	1	1	2.86992e-08	6.05031e+07
0.439214	1	1	1	2.87455e-08	6.06009e+07
0.440214	1	1	1	2.8792e-08	6.06988e+07
0.441214	1	1	1	2.88385e-08	6.0797e+07
0.442214	1	1	1	2.88852e-08	6.08953e+07
0.443214	1	1	1	2.89319e-08	6.09939e+07
0.444214	1	1	1	2.89788e-08	6.10926e+07
0.445214	1	1	1	2.90257e-08	6.11915e+07
0.446214	1	1	1	2.90727e-08	6.12907e+07
0.447214	1	1	1	2.91198e-08	6.139e+07
0.448214	1	1	1	2.91671e-08	6.14896e+07
0.449214	1	1	1	2.92144e-08	6.15893e+07
0.450214	1	1	1	2.92618e-08	6.16893e+07
0.451214	1	1	1	2.93093e-08	6.17894e+07
0.452214	1	1	1	2.93569e-08	6.18898e+07
0.453214	1	1	1	2.94046e-08	6.19903e+07
0.454214	1	1	1	2.94524e-08	6.20911e+07
0.455214	1	1	1	2.95003e-08	6.2192e+07
0.456214	1	1	1	2.95483e-08	6.22932e+07
0.457214	1	1	1	2.95963e-08	6.23946e+07
0.458214	1	1	1	2.96445e-08	6.24961e+07
0.459214	1	1	1	2.96928e-08	6.25979e+07
0.460214	1	1	1	2.97412e-08	6.26999e+07
0.461214	1	1	1	2.97896e-08	6.28021e+07
0.462214	1	1	1	2.98382e-08	6.29045e+07
0.463214	1	1	1	2.98869e-08	6.30071e+07
0.464214	1	1	1	2.99356e-08	6.31099e+07
0.465214	1	1	1	2.99845e-08	6.32129e+07
0.466214	1	1	1	3.00335e-08	6.33161e+07
0.467214	1	1	1	3.00825e-08	6.34195e+07
0.468214	1	1	1	3.01317e-08	6.35232e+07
0.469214	1	1	1	3.01809e-08	6.3627e+07
0.470214	1	1	1	3.02303e-08	6.37311e+07
0.471214	1	1	1	3.02798e-08	6.38353e+07
0.472214	1	1	1	3.03293e-08	6.39398e+07
0.473214	1	1	1	3.0379e-08	6.40445e+07
0.474214	1	1	1	3.04287e-08	6.41494e+07
0.475214	1	1	1	3.04786e-08	6.42545e+07
0.476214	1	1	1	3.05285e-08	6.43598e+07
0.477214	1	1	1	3.05786e-08	6.44654e+07
0.478214	1	1	1	3.06288e-08	6.45711e+07
0.479214	1	1	1	3.0679e-08	6.46771e+07
0.480214	1	1	1	3.07294e-08	6.47832e+07
0.481214	1	1	1	3.07798e-08	6.48896e+07
0.482214	1	1	1	3.08304e-08	6.49962e+07
0.483214	1	1	1	3.08811e-08	6.5103e+07
0.484214	1	1	1	3.09318e-08	6.521e+07
0.485214	1	1	1	3.09827e-08	6.53173e+07
0.486214	1	1	1	3.10337e-08	6.54247e+07
0.487214	1	1	1	3.10848e-08	6.55324e+07
0.488214	1	1	1	3.11359e-08	6.56403e+07
0.489214	1	1	1	3.11872e-08	6.57484e+07
0.490214	1	1	1	3.12386e-08	6.58567e+07
0.491214	1	1	1	3.12901e-08	6.59653e+07
0.492214	1	1	1	3.13417e-08	6.6074e+07
0.493214	1	1	1	3.13934e-08	6.6183e+07
0.494214	1	1	1	3.14451e-08	6.62922e+07
0.495214	1	1	1	3.1497e-08	6.64016e+07
0.496214	1	1	1	3.1549e-08	6.65112e+07
0.497214	1	1	1	3.16012e-08	6.66211e+07
0.498214	1	1	1	3.16534e-08	6.67311e+07
0.499214	1	1	1	3.17057e-08	6.68414e+07
0.500214	1	1	1	3.17581e-08	6.69519e+07
0.501214	1	1	1	3.18106e-08	6.70627e+07
0.502214	1	1	1	3.18633e-08	6.71736e+07
0.503214	1	1	1	3.1916e-08	6.72848e+07
0.504214	1	1	1	3.19688e-08	5.62878
0.505214	1	1	1	3.20218e-08	6.75078e+07
0.506214	1	1	1	3.20748e-08	6.76197e+07
0.507214	1	1	1	3.2128e-08	6.77317e+07
0.508214	1	1	1	3.21812e-08	6.7844e+07
0.509214	1	1	1	3.22346e-08	6.79565e+07
0.510214	1	1	1	3.22881e-08	6.80693e+07
0.511214	1	1	1	3.23417e-08	5.66527
0.512214	1	1	1	3.23954e-08	6.82954e+07
0.513214	1	1	1	3.24492e-08	6.84088e+07
0.514214	1	1	1	3.25031e-08	6.85225e+07
0.515214	1	1	1	3.25571e-08	6.86364e+07
0.516214	1	1	1	3.26112e-08	6.87505e+07
0.517214	1	1	1	3.26654e-08	6.88648e+07
0.518214	2	1	1	5.7415e-09	1.00058
0.519214	2	1	1	5.74573e-09	1.21131e+07
0.520214	2	1	1	5.74995e-09	1.2122e+07
0.521214	2	1	1	5.75418e-09	1.21309e+07
0.522214	2	1	1	5.75842e-09	1.21398e+07
0.523214	2	1	1	5.76266e-09	1.21487e+07
0.524214	2	1	1	5.7669e-09	1.21577e+07
0.525214	2	1	1	5.77115e-09	1.21666e+07
0.526214	2	1	1	5.7754e-09	1.21756e+07
0.527214	2	1	1	5.77965e-09	1.21846e+07
0.528214	2	1	1	5.78391e-09	1.21936e+07
0.529214	2	1	1	5.78817e-09	1.22025e+07
0.530214	2	1	1	5.79244e-09	1.22115e+07
0.531214	2	1	1	5.79671e-09	1.22205e+07
0.532214	2	1	1	5.80099e-09	1.22296e+07
0.533214	2	1	1	5.80527e-09	1.22386e+07
0.534214	2	1	1	5.80955e-09	1.22476e+07
0.535214	2	1	1	5.81384e-09	1.22566e+07
0.536214	2	1	1	5.81813e-09	1.22657e+07
0.537214	2	1	1	5.82242e-09	1.22747e+07
0.538214	2	1	1	5.82672e-09	1.22838e+07
0.539214	2	1	1	5.83102e-09	1.22929e+07
0.540214	2	1	1	5.83533e-09	1.2302e+07
0.541214	2	1	1	5.83964e-09	1.2311e+07
0.542214	2	1	1	5.84396e-09	1.23201e+07
0.543214	2	1	1	5.84828e-09	1.23292e+07
0.544214	2	1	1	5.8526e-09	1.23384e+07
0.545214	2	1	1	5.85693e-09	1.23475e+07
0.546214	2	1	1	5.86126e-09	1.23566e+07
0.547214	2	1	1	5.86559e-09	1.23658e+07
0.548214	2	1	1	5.86993e-09	1.23749e+07
0.549214	2	1	1	5.87428e-09	1.23841e+07
0.550214	2	1	1	5.87862e-09	1.23932e+07
0.551214	2	1	1	5.88298e-09	1.24024e+07
0.552214	2	1	1	5.88733e-09	1.24116e+07
0.553214	2	1	1	5.89169e-09	1.24208e+07
0.554214	2	1	1	5.89606e-09	1.243e+07
0.555214	2	1	1	5.90042e-09	1.24392e+07
0.556214	2	1	1	5.9048e-09	1.24484e+07
0.557214	2	1	1	5.90917e-09	1.24576e+07
0.558214	2	1	1	5.91355e-09	1.24669e+07
0.559214	2	1	1	5.91794e-09	1.24761e+07
0.560214	2	1	1	5.92233e-09	1.24854e+07
0.561214	2	1	1	5.92672e-09	1.24946e+07
0.562214	2	1	1	5.93112e-09	1.25039e+07
0.563214	2	1	1	5.93552e-09	1.25132e+07
0.564214	2	1	1	5.93992e-09	1.25225e+07
0.565214	2	1	1	5.94433e-09	1.25318e+07
0.566214	2	1	1	5.94875e-09	1.25411e+07
0.567214	2	1	1	5.95317e-09	1.25504e+07
0.568214	2	1	1	5.95759e-09	1.25597e+07
0.569214	2	1	1	5.96201e-09	1.2569e+07
0.570214	2	1	1	5.96644e-09	1.25784e+07
0.571214	2	1	1	5.97088e-09	1.25877e+07
0.572214	2	1	1	5.97532e-09	1.25971e+07
0.573214	2	1	1	5.97976e-09	1.26064e+07
0.574214	2	1	1	5.98421e-09	1.26158e+07
0.575214	2	1	1	5.98866e-09	1.26252e+07
0.576214	2	1	1	5.99311e-09	1.26346e+07
0.577214	2	1	1	5.99757e-09	1.2644e+07
0.578214	2	1	1	6.00204e-09	1.26534e+07
0.579214	2	1	1	6.0065e-09	1.26628e+07
0.580214	2	1	1	6.01098e-09	1.26723e+07
0.581214	2	1	1	6.01545e-09	1.26817e+07
0.582214	2	1	1	6.01993e-09	1.26911e+07
0.583214	2	1	1	6.02442e-09	1.27006e+07
0.584214	2	1	1	6.02891e-09	1.27101e+07
0.585214	2	1	1	6.0334e-09	1.27195e+07
0.586214	2	1	1	6.0379e-09	1.2729e+07
0.587214	2	1	1	6.0424e-09	1.27385e+07
0.588214	2	1	1	6.04691e-09	1.2748e+07
0.589214	2	1	1	6.05142e-09	1.27575e+07
0.590214	2	1	1	6.05593e-09	1.2767e+07
0.591214	2	1	1	6.06045e-09	1.27765e+07
0.592214	2	1	1	6.06497e-09	1.27861e+07
0.593214	2	1	1	6.0695e-09	1.27956e+07
0.594214	2	1	1	6.07403e-09	1.28052e+07
0.595214	2	1	1	6.07857e-09	1.28147e+07
0.596214	2	1	1	6.08311e-09	1.28243e+07
0.597214	2	1	1	6.08765e-09	1.28339e+07
0.598214	2	1	1	6.0922e-09	1.28435e+07
0.599214	2	1	1	6.09675e-09	1.28531e+07
0.600214	2	1	1	6.10131e-09	1.28627e+07
0.601214	2	1	1	6.10587e-09	1.28723e+07
0.602214	2	1	1	6.11043e-09	1.28819e+07
0.603214	2	1	1	6.115e-09	1.28916e+07
0.604214	2	1	1	6.11958e-09	1.29012e+07
0.605214	2	1	1	6.12416e-09	1.29109e+07
0.606214	2	1	1	6.12874e-09	1.29205e+07
0.607214	2	1	1	6.13333e-09	1.29302e+07
0.608214	2	1	1	6.13792e-09	1.29399e+07
0.609214	2	1	1	6.14251e-09	1.29496e+07
0.610214	2	1	1	6.14711e-09	1.29593e+07
0.611214	2	1	1	6.15172e-09	1.2969e+07
0.612214	2	1	1	6.15633e-09	1.29787e+07
0.613214	2	1	1	6.16094e-09	1.29884e+07
0.614214	2	1	1	6.16556e-09	1.29981e+07
0.615214	2	1	1	6.17018e-09	1.30079e+07
0.616214	2	1	1	6.1748e-09	1.30176e+07
0.617214	2	1	1	6.17943e-09	1.30274e+07
0.618214	2	1	1	6.18407e-09	1.30372e+07
0.619214	2	1	1	6.18871e-09	1.30469e+07
0.620214	2	1	1	6.19335e-09	1.30567e+07
0.621214	2	1	1	6.198e-09	1.30665e+07
0.622214	2	1	1	6.20265e-09	1.30763e+07
0.623214	2	1	1	6.20731e-09	1.30862e+07
0.624214	2	1	1	6.21197e-09	1.3096e+07
0.625214	2	1	1	6.21663e-09	1.31058e+07
0.626214	2	1	1	6.2213e-09	1.31157e+07
0.627214	2	1	1	6.22598e-09	1.31255e+07
0.628214	2	1	1	6.23066e-09	1.31354e+07
0.629214	2	1	1	6.23534e-09	1.31453e+07
0.630214	2	1	1	6.24003e-09	1.31551e+07
0.631214	2	1	1	6.24472e-09	1.3165e+07
0.632214	2	1	1	6.24941e-09	1.31749e+07
0.633214	2	1	1	6.25412e-09	1.31848e+07
0.634214	2	1	1	6.25882e-09	1.31948e+07
0.635214	2	1	1	6.26353e-09	1.32047e+07
0.636214	2	1	1	6.26824e-09	1.32146e+07
0.637214	2	1	1	6.27296e-09	1.32246e+07
0.638214	2	1	1	6.27768e-09	1.32345e+07
0.639214	2	1	1	6.28241e-09	1.32445e+07
0.640214	2	1	1	6.28714e-09	1.32545e+07
0.641214	2	1	1	6.29188e-09	1.32644e+07
0.642214	2	1	1	6.29658e-09	1.32744e+07
0.643214	2	1	1	6.30041e-09	1.32824e+07
0.644214	2	1	1	6.30425e-09	1.32905e+07
0.645214	2	1	1	6.30809e-09	1.32986e+07
0.646214	2	1	1	6.31193e-09	1.33067e+07
0.647214	2	1	1	6.31578e-09	1.33148e+07
0.648214	2	1	1	6.31963e-09	1.33229e+07
0.649214	2	1	1	6.32348e-09	1.33311e+07
0.650214	2	1	1	6.32733e-09	1.33392e+07
0.651214	2	1	1	6.33119e-09	1.33473e+07
0.652214	2	1	1	6.33506e-09	1.33555e+07
0.653214	2	1	1	6.33892e-09	1.33636e+07
0.654214	2	1	1	6.34279e-09	1.33718e+07
0.655214	2	1	1	6.34667e-09	1.33799e+07
0.656214	2	1	1	6.35054e-09	1.33881e+07
0.657214	2	1	1	6.35442e-09	1.33963e+07
0.658214	2	1	1	6.35831e-09	1.34045e+07
0.659214	2	1	1	6.36219e-09	1.34127e+07
0.660214	2	1	1	6.36608e-09	1.34209e+07
0.661214	2	1	1	6.36998e-09	1.34291e+07
0.662214	2	1	1	6.37387e-09	1.34373e+07
0.663214	2	1	1	6.37777e-09	1.34455e+07
0.664214	2	1	1	6.38168e-09	1.34538e+07
0.665214	2	1	1	6.38559e-09	1.3462e+07
0.666214	2	1	1	6.3895e-09	1.34702e+07
0.667214	2	1	1	6.39341e-09	1.34785e+07
0.668214	2	1	1	6.39733e-09	1.34868e+07
0.669214	2	1	1	6.40125e-09	1.3495e+07
0.670214	2	1	1	6.40518e-09	1.35033e+07
0.671214	2	1	1	6.4091e-09	1.35116e+07
0.672214	2	1	1	6.41304e-09	1.35199e+07
0.673214	2	1	1	6.41697e-09	1.35282e+07
0.674214	2	1	1	6.42091e-09	1.35365e+07
0.675214	2	1	1	6.42485e-09	1.35448e+07
0.676214	2	1	1	6.4288e-09	1.35531e+07
0.677214	2	1	1	6.43275e-09	1.35614e+07
0.678214	2	1	1	6.4367e-09	1.35698e+07
0.679214	2	1	1	6.44066e-09	1.35781e+07
0.680214	2	1	1	6.44462e-09	1.35864e+07
0.681214	2	1	1	6.44858e-09	1.35948e+07
0.682214	2	1	1	6.45255e-09	1.36032e+07
0.683214	2	1	1	6.45652e-09	1.36115e+07
0.684214	2	1	1	6.46049e-09	1.36199e+07
0.685214	2	1	1	6.46447e-09	1.36283e+07
0.686214	2	1	1	6.46845e-09	1.36367e+07
0.687214	2	1	1	6.47243e-09	1.36451e+07
0.688214	2	1	1	6.47642e-09	1.36535e+07
0.689214	2	1	1	6.48041e-09	1.36619e+07
0.690214	2	1	1	6.48441e-09	1.36703e+07
0.691214	2	1	1	6.48841e-09	1.36788e+07
0.692214	2	1	1	6.49241e-09	1.36872e+07
0.693214	2	1	1	6.49642e-09	1.36956e+07
0.694214	2	1	1	6.50043e-09	1.37041e+07
0.695214	2	1	1	6.50444e-09	1.37126e+07
0.696214	2	1	1	6.50846e-09	1.3721e+07
0.697214	2	1	1	6.51248e-09	1.37295e+07
0.698214	2	1	1	6.5165e-09	1.3738e+07
0.699214	2	1	1	6.52053e-09	1.37465e+07
0.700214	2	1	1	6.52456e-09	1.3755e+07
0.701214	2	1	1	6.52859e-09	1.37635e+07
0.702214	2	1	1	6.53263e-09	1.3772e+07
0.703214	2	1	1	6.53668e-09	1.37805e+07
0.704214	2	1	1	6.54072e-09	1.3789e+07
0.705214	2	1	1	6.54477e-09	1.37976e+07
0.706214	2	1	1	6.54882e-09	1.38061e+07
0.707214	2	1	1	6.55288e-09	1.38147e+07
0.708214	2	1	1	6.55694e-09	1.38232e+07
0.709214	2	1	1	6.561e-09	1.38318e+07
0.710214	2	1	1	6.56507e-09	1.38404e+07
0.711214	2	1	1	6.56914e-09	1.3849e+07
0.712214	2	1	1	6.57322e-09	1.38576e+07
0.713214	2	1	1	6.57729e-09	1.38662e+07
0.714214	2	1	1	6.58138e-09	1.38748e+07
0.715214	2	1	1	6.58546e-09	1.38834e+07
0.716214	2	1	1	6.58955e-09	1.3892e+07
0.717214	2	1	1	6.59365e-09	1.39006e+07
0.718214	2	1	1	6.59774e-09	1.39093e+07
0.719214	2	1	1	6.60184e-09	1.39179e+07
0.720214	2	1	1	6.60595e-09	1.39266e+07
0.721214	2	1	1	6.61005e-09	1.39352e+07
0.722214	2	1	1	6.61417e-09	1.39439e+07
0.723214	2	1	1	6.61828e-09	1.39526e+07
0.724214	2	1	1	6.6224e-09	1.39612e+07
0.725214	2	1	1	6.62652e-09	1.39699e+07
0.726214	2	1	1	6.63065e-09	1.39786e+07
0.727214	2	1	1	6.63478e-09	1.39873e+07
0.728214	2	1	1	6.63891e-09	1.39961e+07
0.729214	2	1	1	6.64305e-09	1.40048e+07
0.730214	2	1	1	6.64719e-09	1.40135e+07
0.731214	2	1	1	6.65134e-09	1.40222e+07
0.732214	2	1	1	6.65548e-09	1.4031e+07
0.733214	2	1	1	6.65964e-09	1.40397e+07
0.734214	2	1	1	6.66379e-09	1.40485e+07
0.735214	2	1	1	6.66795e-09	1.40573e+07
0.736214	2	1	1	6.67212e-09	1.40661e+07
0.737214	2	1	1	6.67628e-09	1.40748e+07
0.738214	2	1	1	6.68046e-09	1.40836e+07
0.739214	2	1	1	6.68463e-09	1.40924e+07
0.740214	2	1	1	6.68881e-09	1.41012e+07
0.741214	2	1	1	6.69299e-09	1.41101e+07
0.742214	2	1	1	6.69718e-09	1.41189e+07
0.743214	2	1	1	6.70137e-09	1.41277e+07
0.744214	2	1	1	6.70556e-09	1.41366e+07
0.745214	2	1	1	6.70976e-09	1.41454e+07
0.746214	2	1	1	6.71396e-09	1.41543e+07
0.747214	2	1	1	6.71817e-09	1.41631e+07
0.748214	2	1	1	6.72238e-09	1.4172e+07
0.749214	2	1	1	6.72659e-09	1.41809e+07
0.750214	2	1	1	6.7308e-09	1.41898e+07
0.751214	2	1	1	6.73503e-09	1.41987e+07
0.752214	2	1	1	6.73925e-09	1.42076e+07
0.753214	2	1	1	6.74348e-09	1.42165e+07
0.754214	2	1	1	6.74771e-09	1.42254e+07
0.755214	2	1	1	6.75195e-09	1.42344e+07
0.756214	2	1	1	6.75619e-09	1.42433e+07
0.757214	2	1	1	6.76043e-09	1.42522e+07
0.758214	2	1	1	6.76468e-09	1.42612e+07
0.759214	2	1	1	6.76893e-09	1.42702e+07
0.760214	2	1	1	6.77318e-09	1.42791e+07
0.761214	2	1	1	6.77744e-09	1.42881e+07
0.762214	2	1	1	6.7817e-09	1.42971e+07
0.763214	2	1	1	6.78597e-09	1.43061e+07
0.764214	2	1	1	6.79024e-09	1.43151e+07
0.765214	2	1	1	6.79452e-09	1.43241e+07
0.766214	2	1	1	6.79879e-09	1.43331e+07
0.767214	2	1	1	6.80308e-09	1.43421e+07
0.768214	2	1	1	6.80736e-09	1.43512e+07
0.769214	2	1	1	6.81165e-09	1.43602e+07
0.770214	2	1	1	6.81595e-09	1.43693e+07
0.771214	2	1	1	6.82024e-09	1.43783e+07
0.772214	2	1	1	6.82455e-09	1.43874e+07
0.773214	2	1	1	6.82885e-09	1.43965e+07
0.774214	2	1	1	6.83316e-09	1.44056e+07
0.775214	2	1	1	6.83747e-09	1.44147e+07
0.776214	2	1	1	6.84179e-09	1.44238e+07
0.777214	2	1	1	6.84611e-09	1.44329e+07
0.778214	2	1	1	6.85044e-09	1.4442e+07
0.779214	2	1	1	6.85477e-09	1.44511e+07
0.780214	2	1	1	6.8591e-09	1.44603e+07
0.781214	2	1	1	6.86344e-09	1.44694e+07
0.782214	2	1	1	6.86778e-09	1.44786e+07
0.783214	2	1	1	6.87213e-09	1.44877e+07
0.784214	2	1	1	6.87647e-09	1.44969e+07
0.785214	2	1	1	6.88083e-09	1.45061e+07
0.786214	2	1	1	6.88518e-09	1.45152e+07
0.787214	2	1	1	6.88955e-09	1.45244e+07
0.788214	2	1	1	6.89391e-09	1.45336e+07
0.789214	2	1	1	6.89828e-09	1.45429e+07
0.790214	2	1	1	6.90265e-09	1.45521e+07
0.791214	2	1	1	6.90703e-09	1.45613e+07
0.792214	2	1	1	6.91141e-09	1.45705e+07
0.793214	2	1	1	6.9158e-09	1.45798e+07
0.794214	2	1	1	6.92018e-09	1.4589e+07
0.795214	2	1	1	6.92458e-09	1.45983e+07
0.796214	2	1	1	6.92897e-09	1.46076e+07
0.797214	2	1	1	6.93338e-09	1.46168e+07
0.798214	2	1	1	6.93778e-09	1.46261e+07
0.799214	2	1	1	6.94219e-09	1.46354e+07
0.800214	2	1	1	6.9466e-09	1.46447e+07
0.801214	2	1	1	6.95102e-09	1.4654e+07
0.802214	2	1	1	6.95544e-09	1.46634e+07
0.803214	2	1	1	6.95987e-09	1.46727e+07
0.804214	2	1	1	6.9643e-09	1.4682e+07
0.805214	2	1	1	6.96873e-09	1.46914e+07
0.806214	2	1	1	6.97317e-09	1.47007e+07
0.807214	2	1	1	6.97761e-09	1.47101e+07
0.808214	2	1	1	6.98206e-09	1.47195e+07
0.809214	2	1	1	6.98651e-09	1.47288e+07
0.810214	2	1	1	6.99096e-09	1.47382e+07
0.811214	2	1	1	6.99542e-09	1.47476e+07
0.812214	2	1	1	6.99988e-09	1.4757e+07
0.813214	2	1	1	7.00435e-09	1.47665e+07
0.814214	2	1	1	7.00882e-09	1.47759e+07
0.815214	2	1	1	7.01329e-09	1.47853e+07
0.816214	2	1	1	7.01777e-09	1.47948e+07
0.817214	2	1	1	7.02225e-09	1.48042e+07
0.818214	2	1	1	7.02674e-09	1.48137e+07
0.819214	2	1	1	7.03123e-09	1.48231e+07
0.820214	2	1	1	7.03573e-09	1.48326e+07
0.821214	2	1	1	7.04022e-09	1.48421e+07
0.822214	2	1	1	7.04473e-09	1.48516e+07
0.823214	2	1	1	7.04924e-09	1.48611e+07
0.824214	2	1	1	7.05375e-09	1.48706e+07
0.825214	2	1	1	7.05826e-09	1.48801e+07
0.826214	2	1	1	7.06278e-09	1.48897e+07
0.827214	2	1	1	7.06731e-09	1.48992e+07
0.828214	2	1	1	7.07184e-09	1.49087e+07
0.829214	2	1	1	7.07637e-09	1.49183e+07
0.830214	2	1	1	7.08091e-09	1.49279e+07
0.831214	2	1	1	7.08545e-09	1.49374e+07
0.832214	2	1	1	7.08999e-09	1.4947e+07
0.833214	2	1	1	7.09454e-09	1.49566e+07
0.834214	2	1	1	7.09909e-09	1.49662e+07
0.835214	2	1	1	7.10365e-09	1.49758e+07
0.836214	2	1	1	7.10821e-09	1.49854e+07
0.837214	2	1	1	7.11278e-09	1.49951e+07
0.838214	2	1	1	7.11735e-09	1.50047e+07
0.839214	2	1	1	7.12193e-09	1.50143e+07
0.840214	2	1	1	7.12651e-09	1.5024e+07
0.841214	2	1	1	7.13109e-09	1.50337e+07
0.842214	2	1	1	7.13568e-09	1.50433e+07
0.843214	2	1	1	7.14027e-09	1.5053e+07
0.844214	2	1	1	7.14486e-09	1.50627e+07
0.845214	2	1	1	7.14946e-09	1.50724e+07
0.846214	2	1	1	7.15407e-09	1.50821e+07
0.847214	2	1	1	7.15868e-09	1.50918e+07
0.848214	2	1	1	7.16329e-09	1.51015e+07
0.849214	2	1	1	7.16791e-09	1.51113e+07
0.850214	2	1	1	7.17253e-09	1.5121e+07
0.851214	2	1	1	7.17716e-09	1.51308e+07
0.852214	2	1	1	7.18179e-09	1.51405e+07
0.853214	2	1	1	7.18642e-09	1.51503e+07
0.854214	2	1	1	7.19106e-09	1.51601e+07
0.855214	2	1	1	7.1957e-09	1.51699e+07
0.856214	2	1	1	7.20035e-09	1.51797e+07
0.857214	2	1	1	7.205e-09	1.51895e+07
0.858214	2	1	1	7.20966e-09	1.51993e+07
0.859214	2	1	1	7.21432e-09	1.52091e+07
0.860214	2	1	1	7.21898e-09	1.5219e+07
0.861214	2	1	1	7.22365e-09	1.52288e+07
0.862214	2	1	1	7.22833e-09	1.52386e+07
0.863214	2	1	1	7.233e-09	1.52485e+07
0.864214	2	1	1	7.23769e-09	1.52584e+07
0.865214	2	1	1	7.24237e-09	1.52683e+07
0.866214	2	1	1	7.24706e-09	1.52782e+07
0.867214	2	1	1	7.25176e-09	1.52881e+07
0.868214	2	1	1	7.25646e-09	1.5298e+07
0.869214	2	1	1	7.26116e-09	1.53079e+07
0.870214	2	1	1	7.26587e-09	1.53178e+07
0.871214	2	1	1	7.27058e-09	1.53277e+07
0.872214	2	1	1	7.2753e-09	1.53377e+07
0.873214	2	1	1	7.28002e-09	1.53476e+07
0.874214	2	1	1	7.28475e-09	1.53576e+07
0.875214	2	1	1	7.28948e-09	1.53676e+07
0.876214	2	1	1	7.29422e-09	1.53776e+07
0.877214	2	1	1	7.29896e-09	1.53875e+07
0.878214	2	1	1	7.3037e-09	1.53975e+07
0.879214	2	1	1	7.30845e-09	1.54076e+07
0.880214	2	1	1	7.3132e-09	1.54176e+07
0.881214	2	1	1	7.31796e-09	1.54276e+07
0.882214	2	1	1	7.32272e-09	1.54376e+07
0.883214	2	1	1	7.32748e-09	1.54477e+07
0.884214	2	1	1	7.33226e-09	1.54578e+07
0.885214	2	1	1	7.33703e-09	1.54678e+07
0.886214	2	1	1	7.34181e-09	1.54779e+07
0.887214	2	1	1	7.34659e-09	1.5488e+07
0.888214	2	1	1	7.35138e-09	1.54981e+07
0.889214	2	1	1	7.35618e-09	1.55082e+07
0.890214	2	1	1	7.36097e-09	1.55183e+07
0.891214	2	1	1	7.36578e-09	1.55284e+07
0.892214	2	1	1	7.37058e-09	1.55386e+07
0.893214	2	1	1	7.37539e-09	1.55487e+07
0.894214	2	1	1	7.38021e-09	1.55588e+07
0.895214	2	1	1	7.38503e-09	1.5569e+07
0.896214	2	1	1	7.38985e-09	1.55792e+07
0.897214	2	1	1	7.39468e-09	1.55894e+07
0.898214	2	1	1	7.39952e-09	1.55995e+07
0.899214	2	1	1	7.40435e-09	1.56097e+07
0.900214	2	1	1	7.4092e-09	1.562e+07
0.901214	2	1	1	7.41404e-09	1.56302e+07
0.902214	2	1	1	7.4189e-09	1.56404e+07
0.903214	2	1	1	7.42375e-09	1.56506e+07
0.904214	2	1	1	7.42861e-09	1.56609e+07
0.905214	2	1	1	7.43348e-09	1.56712e+07
0.906214	2	1	1	7.43835e-09	1.56814e+07
0.907214	2	1	1	7.44322e-09	1.56917e+07
0.908214	2	1	1	7.4481e-09	1.5702e+07
0.909214	2	1	1	7.45299e-09	1.57123e+07
0.910214	2	1	1	7.45788e-09	1.57226e+07
0.911214	2	1	1	7.46277e-09	1.57329e+07
0.912214	2	1	1	7.46767e-09	1.57432e+07
0.913214	2	1	1	7.47257e-09	1.57536e+07
0.914214	2	1	1	7.47748e-09	1.57639e+07
0.915214	2	1	1	7.48239e-09	1.57743e+07
0.916214	2	1	1	7.48731e-09	1.57846e+07
0.917214	2	1	1	7.49223e-09	1.5795e+07
0.918214	2	1	1	7.49715e-09	1.58054e+07
0.919214	2	1	1	7.50208e-09	1.58158e+07
0.920214	2	1	1	7.50702e-09	1.58262e+07
0.921214	2	1	1	7.51196e-09	1.58366e+07
0.922214	2	1	1	7.5169e-09	1.5847e+07
0.923214	2	1	1	7.52185e-09	1.58575e+07
0.924214	2	1	1	7.5268e-09	1.58679e+07
0.925214	2	1	1	7.53176e-09	1.58783e+07
0.926214	2	1	1	7.53673e-09	1.58888e+07
0.927214	2	1	1	7.54169e-09	1.58993e+07
0.928214	2	1	1	7.54667e-09	1.59098e+07
0.929214	2	1	1	7.55164e-09	1.59203e+07
0.930214	2	1	1	7.55662e-09	1.59308e+07
0.931214	2	1	1	7.56161e-09	1.59413e+07
0.932214	2	1	1	7.5666e-09	1.59518e+07
0.933214	2	1	1	7.5716e-09	1.59623e+07
0.934214	2	1	1	7.5766e-09	1.59729e+07
0.935214	2	1	1	7.58161e-09	1.59834e+07
0.936214	2	1	1	7.58662e-09	1.5994e+07
0.937214	2	1	1	7.59163e-09	1.60046e+07
0.938214	2	1	1	7.59665e-09	1.60151e+07
0.939214	2	1	1	7.60168e-09	1.60257e+07
0.940214	2	1	1	7.60671e-09	1.60363e+07
0.941214	2	1	1	7.61174e-09	1.6047e+07
0.942214	2	1	1	7.61678e-09	1.60576e+07
0.943214	2	1	1	7.62182e-09	1.60682e+07
0.944214	2	1	1	7.62687e-09	1.60789e+07
0.945214	2	1	1	7.63192e-09	1.60895e+07
0.946214	2	1	1	7.63698e-09	1.61002e+07
0.947214	2	1	1	7.64205e-09	1.61108e+07
0.948214	2	1	1	7.64711e-09	1.61215e+07
0.949214	2	1	1	7.65219e-09	1.61322e+07
0.950214	2	1	1	7.65726e-09	1.61429e+07
0.951214	2	1	1	7.66235e-09	1.61536e+07
0.952214	2	1	1	7.66743e-09	1.61644e+07
0.953214	2	1	1	7.67253e-09	1.61751e+07
0.954214	2	1	1	7.67762e-09	1.61858e+07
0.955214	2	1	1	7.68272e-09	1.61966e+07
0.956214	2	1	1	7.68783e-09	1.62074e+07
0.957214	2	1	1	7.69294e-09	1.62181e+07
0.958214	2	1	1	7.69806e-09	1.62289e+07
0.959214	2	1	1	7.70318e-09	1.62397e+07
0.960214	2	1	1	7.70831e-09	1.62505e+07
0.961214	2	1	1	7.71344e-09	1.62614e+07
0.962214	2	1	1	7.71857e-09	1.62722e+07
0.963214	2	1	1	7.72371e-09	1.6283e+07
0.964214	2	1	1	7.72886e-09	1.62939e+07
0.965214	2	1	1	7.73401e-09	1.63047e+07
0.966214	2	1	1	7.73917e-09	1.63156e+07
0.967214	2	1	1	7.74433e-09	1.63265e+07
0.968214	2	1	1	7.74949e-09	1.63374e+07
0.969214	2	1	1	7.75466e-09	1.63483e+07
0.970214	2	1	1	7.75984e-09	1.63592e+07
0.971214	2	1	1	7.76502e-09	1.63701e+07
0.972214	2	1	1	7.7702e-09	1.6381e+07
0.973214	2	1	1	7.7754e-09	1.6392e+07
0.974214	2	1	1	7.78059e-09	1.64029e+07
0.975214	2	1	1	7.78579e-09	1.64139e+07
0.976214	2	1	1	7.791e-09	1.64249e+07
0.977214	2	1	1	7.79621e-09	1.64358e+07
0.978214	2	1	1	7.80142e-09	1.64468e+07
0.979214	2	1	1	7.80664e-09	1.64578e+07
0.980214	2	1	1	7.81187e-09	1.64689e+07
0.981214	2	1	1	7.8171e-09	1.64799e+07
0.982214	2	1	1	7.82233e-09	1.64909e+07
0.983214	2	1	1	7.82757e-09	1.6502e+07
0.984214	2	1	1	7.83282e-09	1.6513e+07
0.985214	2	1	1	7.83807e-09	1.65241e+07
0.986214	2	1	1	7.84333e-09	1.65352e+07
0.987214	2	1	1	7.84859e-09	1.65463e+07
0.988214	2	1	1	7.85385e-09	1.65574e+07
0.989214	2	1	1	7.85912e-09	1.65685e+07
0.990214	2	1	1	7.8644e-09	1.65796e+07
0.991214	2	1	1	7.86968e-09	1.65907e+07
0.992214	2	1	1	7.87496e-09	1.66019e+07
0.993214	2	1	1	7.88026e-09	1.6613e+07
0.994214	2	1	1	7.88555e-09	1.66242e+07
0.995214	2	1	1	7.89085e-09	1.66354e+07
0.996214	2	1	1	7.89616e-09	1.66466e+07
0.997214	2	1	1	7.90147e-09	1.66578e+07
0.998214	2	1	1	7.90679e-09	1.6669e+07
0.999214	2	1	1	7.91211e-09	1.66802e+07
