% time	cellId	Interference
0.0249286	1	1.25893e-20 1.25893e-20 1.25893e-20 1.25893e-20 1.25893e-20 1.25893e-20 1.25893e-20 1.25893e-20 1.25893e-20 1.25893e-20 1.25893e-20 1.25893e-20 1.25893e-20 1.25893e-20 1.25893e-20 1.25893e-20 1.25893e-20 1.25893e-20 1.25893e-20 1.25893e-20 1.25893e-20 1.25893e-20 1.25893e-20 1.25893e-20 1.25893e-20 
0.0399286	1	1.25893e-20 1.25893e-20 1.25893e-20 1.25893e-20 1.25893e-20 1.25893e-20 1.25893e-20 1.25893e-20 1.25893e-20 1.25893e-20 1.25893e-20 1.25893e-20 1.25893e-20 1.25893e-20 1.25893e-20 1.25893e-20 1.25893e-20 1.25893e-20 1.25893e-20 1.25893e-20 1.25893e-20 1.25893e-20 1.25893e-20 1.25893e-20 1.25893e-20 
0.0429286	1	1.25893e-20 1.25893e-20 1.25893e-20 1.25893e-20 1.25893e-20 1.25893e-20 1.25893e-20 1.25893e-20 1.25893e-20 1.25893e-20 1.25893e-20 1.25893e-20 1.25893e-20 1.25893e-20 1.25893e-20 1.25893e-20 1.25893e-20 1.25893e-20 1.25893e-20 1.25893e-20 1.25893e-20 1.25893e-20 1.25893e-20 1.25893e-20 1.25893e-20 
0.0439286	1	1.25893e-20 1.25893e-20 1.25893e-20 1.25893e-20 1.25893e-20 1.25893e-20 1.25893e-20 1.25893e-20 1.25893e-20 1.25893e-20 1.25893e-20 1.25893e-20 1.25893e-20 1.25893e-20 1.25893e-20 1.25893e-20 1.25893e-20 1.25893e-20 1.25893e-20 1.25893e-20 1.25893e-20 1.25893e-20 1.25893e-20 1.25893e-20 1.25893e-20 
0.0449286	1	1.25893e-20 1.25893e-20 1.25893e-20 1.25893e-20 1.25893e-20 1.25893e-20 1.25893e-20 1.25893e-20 1.25893e-20 1.25893e-20 1.25893e-20 1.25893e-20 1.25893e-20 1.25893e-20 1.25893e-20 1.25893e-20 1.25893e-20 1.25893e-20 1.25893e-20 1.25893e-20 1.25893e-20 1.25893e-20 1.25893e-20 1.25893e-20 1.25893e-20 
0.0459286	1	1.25893e-20 1.25893e-20 1.25893e-20 1.25893e-20 1.25893e-20 1.25893e-20 1.25893e-20 1.25893e-20 1.25893e-20 1.25893e-20 1.25893e-20 1.25893e-20 1.25893e-20 1.25893e-20 1.25893e-20 1.25893e-20 1.25893e-20 1.25893e-20 1.25893e-20 1.25893e-20 1.25893e-20 1.25893e-20 1.25893e-20 1.25893e-20 1.25893e-20 
0.0469286	1	1.25893e-20 1.25893e-20 1.25893e-20 1.25893e-20 1.25893e-20 1.25893e-20 1.25893e-20 1.25893e-20 1.25893e-20 1.25893e-20 1.25893e-20 1.25893e-20 1.25893e-20 1.25893e-20 1.25893e-20 1.25893e-20 1.25893e-20 1.25893e-20 1.25893e-20 1.25893e-20 1.25893e-20 1.25893e-20 1.25893e-20 1.25893e-20 1.25893e-20 
0.0529286	1	1.25893e-20 1.25893e-20 1.25893e-20 1.25893e-20 1.25893e-20 1.25893e-20 1.25893e-20 1.25893e-20 1.25893e-20 1.25893e-20 1.25893e-20 1.25893e-20 1.25893e-20 1.25893e-20 1.25893e-20 1.25893e-20 1.25893e-20 1.25893e-20 1.25893e-20 1.25893e-20 1.25893e-20 1.25893e-20 1.25893e-20 1.25893e-20 1.25893e-20 
0.0559286	1	1.25893e-20 1.25893e-20 1.25893e-20 1.25893e-20 1.25893e-20 1.25893e-20 1.25893e-20 1.25893e-20 1.25893e-20 1.25893e-20 1.25893e-20 1.25893e-20 1.25893e-20 1.25893e-20 1.25893e-20 1.25893e-20 1.25893e-20 1.25893e-20 1.25893e-20 1.25893e-20 1.25893e-20 1.25893e-20 1.25893e-20 1.25893e-20 1.25893e-20 
0.0729286	1	1.25893e-20 1.25893e-20 1.25893e-20 1.25893e-20 1.25893e-20 1.25893e-20 1.25893e-20 1.25893e-20 1.25893e-20 1.25893e-20 1.25893e-20 1.25893e-20 1.25893e-20 1.25893e-20 1.25893e-20 1.25893e-20 1.25893e-20 1.25893e-20 1.25893e-20 1.25893e-20 1.25893e-20 1.25893e-20 1.25893e-20 1.25893e-20 1.25893e-20 
0.0829286	1	1.25893e-20 1.25893e-20 1.25893e-20 1.25893e-20 1.25893e-20 1.25893e-20 1.25893e-20 1.25893e-20 1.25893e-20 1.25893e-20 1.25893e-20 1.25893e-20 1.25893e-20 1.25893e-20 1.25893e-20 1.25893e-20 1.25893e-20 1.25893e-20 1.25893e-20 1.25893e-20 1.25893e-20 1.25893e-20 1.25893e-20 1.25893e-20 1.25893e-20 
0.0929286	1	1.25893e-20 1.25893e-20 1.25893e-20 1.25893e-20 1.25893e-20 1.25893e-20 1.25893e-20 1.25893e-20 1.25893e-20 1.25893e-20 1.25893e-20 1.25893e-20 1.25893e-20 1.25893e-20 1.25893e-20 1.25893e-20 1.25893e-20 1.25893e-20 1.25893e-20 1.25893e-20 1.25893e-20 1.25893e-20 1.25893e-20 1.25893e-20 1.25893e-20 
0.102929	1	1.25893e-20 1.25893e-20 1.25893e-20 1.25893e-20 1.25893e-20 1.25893e-20 1.25893e-20 1.25893e-20 1.25893e-20 1.25893e-20 1.25893e-20 1.25893e-20 1.25893e-20 1.25893e-20 1.25893e-20 1.25893e-20 1.25893e-20 1.25893e-20 1.25893e-20 1.25893e-20 1.25893e-20 1.25893e-20 1.25893e-20 1.25893e-20 1.25893e-20 
0.112929	1	1.25893e-20 1.25893e-20 1.25893e-20 1.25893e-20 1.25893e-20 1.25893e-20 1.25893e-20 1.25893e-20 1.25893e-20 1.25893e-20 1.25893e-20 1.25893e-20 1.25893e-20 1.25893e-20 1.25893e-20 1.25893e-20 1.25893e-20 1.25893e-20 1.25893e-20 1.25893e-20 1.25893e-20 1.25893e-20 1.25893e-20 1.25893e-20 1.25893e-20 
0.122929	1	1.25893e-20 1.25893e-20 1.25893e-20 1.25893e-20 1.25893e-20 1.25893e-20 1.25893e-20 1.25893e-20 1.25893e-20 1.25893e-20 1.25893e-20 1.25893e-20 1.25893e-20 1.25893e-20 1.25893e-20 1.25893e-20 1.25893e-20 1.25893e-20 1.25893e-20 1.25893e-20 1.25893e-20 1.25893e-20 1.25893e-20 1.25893e-20 1.25893e-20 
0.132929	1	1.25893e-20 1.25893e-20 1.25893e-20 1.25893e-20 1.25893e-20 1.25893e-20 1.25893e-20 1.25893e-20 1.25893e-20 1.25893e-20 1.25893e-20 1.25893e-20 1.25893e-20 1.25893e-20 1.25893e-20 1.25893e-20 1.25893e-20 1.25893e-20 1.25893e-20 1.25893e-20 1.25893e-20 1.25893e-20 1.25893e-20 1.25893e-20 1.25893e-20 
0.142929	1	1.25893e-20 1.25893e-20 1.25893e-20 1.25893e-20 1.25893e-20 1.25893e-20 1.25893e-20 1.25893e-20 1.25893e-20 1.25893e-20 1.25893e-20 1.25893e-20 1.25893e-20 1.25893e-20 1.25893e-20 1.25893e-20 1.25893e-20 1.25893e-20 1.25893e-20 1.25893e-20 1.25893e-20 1.25893e-20 1.25893e-20 1.25893e-20 1.25893e-20 
0.152929	1	1.25893e-20 1.25893e-20 1.25893e-20 1.25893e-20 1.25893e-20 1.25893e-20 1.25893e-20 1.25893e-20 1.25893e-20 1.25893e-20 1.25893e-20 1.25893e-20 1.25893e-20 1.25893e-20 1.25893e-20 1.25893e-20 1.25893e-20 1.25893e-20 1.25893e-20 1.25893e-20 1.25893e-20 1.25893e-20 1.25893e-20 1.25893e-20 1.25893e-20 
0.162929	1	1.25893e-20 1.25893e-20 1.25893e-20 1.25893e-20 1.25893e-20 1.25893e-20 1.25893e-20 1.25893e-20 1.25893e-20 1.25893e-20 1.25893e-20 1.25893e-20 1.25893e-20 1.25893e-20 1.25893e-20 1.25893e-20 1.25893e-20 1.25893e-20 1.25893e-20 1.25893e-20 1.25893e-20 1.25893e-20 1.25893e-20 1.25893e-20 1.25893e-20 
0.172929	1	1.25893e-20 1.25893e-20 1.25893e-20 1.25893e-20 1.25893e-20 1.25893e-20 1.25893e-20 1.25893e-20 1.25893e-20 1.25893e-20 1.25893e-20 1.25893e-20 1.25893e-20 1.25893e-20 1.25893e-20 1.25893e-20 1.25893e-20 1.25893e-20 1.25893e-20 1.25893e-20 1.25893e-20 1.25893e-20 1.25893e-20 1.25893e-20 1.25893e-20 
0.182929	1	1.25893e-20 1.25893e-20 1.25893e-20 1.25893e-20 1.25893e-20 1.25893e-20 1.25893e-20 1.25893e-20 1.25893e-20 1.25893e-20 1.25893e-20 1.25893e-20 1.25893e-20 1.25893e-20 1.25893e-20 1.25893e-20 1.25893e-20 1.25893e-20 1.25893e-20 1.25893e-20 1.25893e-20 1.25893e-20 1.25893e-20 1.25893e-20 1.25893e-20 
0.192929	1	1.25893e-20 1.25893e-20 1.25893e-20 1.25893e-20 1.25893e-20 1.25893e-20 1.25893e-20 1.25893e-20 1.25893e-20 1.25893e-20 1.25893e-20 1.25893e-20 1.25893e-20 1.25893e-20 1.25893e-20 1.25893e-20 1.25893e-20 1.25893e-20 1.25893e-20 1.25893e-20 1.25893e-20 1.25893e-20 1.25893e-20 1.25893e-20 1.25893e-20 
0.202929	1	1.25893e-20 1.25893e-20 1.25893e-20 1.25893e-20 1.25893e-20 1.25893e-20 1.25893e-20 1.25893e-20 1.25893e-20 1.25893e-20 1.25893e-20 1.25893e-20 1.25893e-20 1.25893e-20 1.25893e-20 1.25893e-20 1.25893e-20 1.25893e-20 1.25893e-20 1.25893e-20 1.25893e-20 1.25893e-20 1.25893e-20 1.25893e-20 1.25893e-20 
0.212929	1	1.25893e-20 1.25893e-20 1.25893e-20 1.25893e-20 1.25893e-20 1.25893e-20 1.25893e-20 1.25893e-20 1.25893e-20 1.25893e-20 1.25893e-20 1.25893e-20 1.25893e-20 1.25893e-20 1.25893e-20 1.25893e-20 1.25893e-20 1.25893e-20 1.25893e-20 1.25893e-20 1.25893e-20 1.25893e-20 1.25893e-20 1.25893e-20 1.25893e-20 
0.222929	1	1.25893e-20 1.25893e-20 1.25893e-20 1.25893e-20 1.25893e-20 1.25893e-20 1.25893e-20 1.25893e-20 1.25893e-20 1.25893e-20 1.25893e-20 1.25893e-20 1.25893e-20 1.25893e-20 1.25893e-20 1.25893e-20 1.25893e-20 1.25893e-20 1.25893e-20 1.25893e-20 1.25893e-20 1.25893e-20 1.25893e-20 1.25893e-20 1.25893e-20 
0.232929	1	1.25893e-20 1.25893e-20 1.25893e-20 1.25893e-20 1.25893e-20 1.25893e-20 1.25893e-20 1.25893e-20 1.25893e-20 1.25893e-20 1.25893e-20 1.25893e-20 1.25893e-20 1.25893e-20 1.25893e-20 1.25893e-20 1.25893e-20 1.25893e-20 1.25893e-20 1.25893e-20 1.25893e-20 1.25893e-20 1.25893e-20 1.25893e-20 1.25893e-20 
0.242929	1	1.25893e-20 1.25893e-20 1.25893e-20 1.25893e-20 1.25893e-20 1.25893e-20 1.25893e-20 1.25893e-20 1.25893e-20 1.25893e-20 1.25893e-20 1.25893e-20 1.25893e-20 1.25893e-20 1.25893e-20 1.25893e-20 1.25893e-20 1.25893e-20 1.25893e-20 1.25893e-20 1.25893e-20 1.25893e-20 1.25893e-20 1.25893e-20 1.25893e-20 
0.252929	1	1.25893e-20 1.25893e-20 1.25893e-20 1.25893e-20 1.25893e-20 1.25893e-20 1.25893e-20 1.25893e-20 1.25893e-20 1.25893e-20 1.25893e-20 1.25893e-20 1.25893e-20 1.25893e-20 1.25893e-20 1.25893e-20 1.25893e-20 1.25893e-20 1.25893e-20 1.25893e-20 1.25893e-20 1.25893e-20 1.25893e-20 1.25893e-20 1.25893e-20 
0.262929	1	1.25893e-20 1.25893e-20 1.25893e-20 1.25893e-20 1.25893e-20 1.25893e-20 1.25893e-20 1.25893e-20 1.25893e-20 1.25893e-20 1.25893e-20 1.25893e-20 1.25893e-20 1.25893e-20 1.25893e-20 1.25893e-20 1.25893e-20 1.25893e-20 1.25893e-20 1.25893e-20 1.25893e-20 1.25893e-20 1.25893e-20 1.25893e-20 1.25893e-20 
0.272929	1	1.25893e-20 1.25893e-20 1.25893e-20 1.25893e-20 1.25893e-20 1.25893e-20 1.25893e-20 1.25893e-20 1.25893e-20 1.25893e-20 1.25893e-20 1.25893e-20 1.25893e-20 1.25893e-20 1.25893e-20 1.25893e-20 1.25893e-20 1.25893e-20 1.25893e-20 1.25893e-20 1.25893e-20 1.25893e-20 1.25893e-20 1.25893e-20 1.25893e-20 
0.282929	1	1.25893e-20 1.25893e-20 1.25893e-20 1.25893e-20 1.25893e-20 1.25893e-20 1.25893e-20 1.25893e-20 1.25893e-20 1.25893e-20 1.25893e-20 1.25893e-20 1.25893e-20 1.25893e-20 1.25893e-20 1.25893e-20 1.25893e-20 1.25893e-20 1.25893e-20 1.25893e-20 1.25893e-20 1.25893e-20 1.25893e-20 1.25893e-20 1.25893e-20 
0.292929	1	1.25893e-20 1.25893e-20 1.25893e-20 1.25893e-20 1.25893e-20 1.25893e-20 1.25893e-20 1.25893e-20 1.25893e-20 1.25893e-20 1.25893e-20 1.25893e-20 1.25893e-20 1.25893e-20 1.25893e-20 1.25893e-20 1.25893e-20 1.25893e-20 1.25893e-20 1.25893e-20 1.25893e-20 1.25893e-20 1.25893e-20 1.25893e-20 1.25893e-20 
0.302929	1	1.25893e-20 1.25893e-20 1.25893e-20 1.25893e-20 1.25893e-20 1.25893e-20 1.25893e-20 1.25893e-20 1.25893e-20 1.25893e-20 1.25893e-20 1.25893e-20 1.25893e-20 1.25893e-20 1.25893e-20 1.25893e-20 1.25893e-20 1.25893e-20 1.25893e-20 1.25893e-20 1.25893e-20 1.25893e-20 1.25893e-20 1.25893e-20 1.25893e-20 
0.312929	1	1.25893e-20 1.25893e-20 1.25893e-20 1.25893e-20 1.25893e-20 1.25893e-20 1.25893e-20 1.25893e-20 1.25893e-20 1.25893e-20 1.25893e-20 1.25893e-20 1.25893e-20 1.25893e-20 1.25893e-20 1.25893e-20 1.25893e-20 1.25893e-20 1.25893e-20 1.25893e-20 1.25893e-20 1.25893e-20 1.25893e-20 1.25893e-20 1.25893e-20 
0.322929	1	1.25893e-20 1.25893e-20 1.25893e-20 1.25893e-20 1.25893e-20 1.25893e-20 1.25893e-20 1.25893e-20 1.25893e-20 1.25893e-20 1.25893e-20 1.25893e-20 1.25893e-20 1.25893e-20 1.25893e-20 1.25893e-20 1.25893e-20 1.25893e-20 1.25893e-20 1.25893e-20 1.25893e-20 1.25893e-20 1.25893e-20 1.25893e-20 1.25893e-20 
0.332929	1	1.25893e-20 1.25893e-20 1.25893e-20 1.25893e-20 1.25893e-20 1.25893e-20 1.25893e-20 1.25893e-20 1.25893e-20 1.25893e-20 1.25893e-20 1.25893e-20 1.25893e-20 1.25893e-20 1.25893e-20 1.25893e-20 1.25893e-20 1.25893e-20 1.25893e-20 1.25893e-20 1.25893e-20 1.25893e-20 1.25893e-20 1.25893e-20 1.25893e-20 
0.342929	1	1.25893e-20 1.25893e-20 1.25893e-20 1.25893e-20 1.25893e-20 1.25893e-20 1.25893e-20 1.25893e-20 1.25893e-20 1.25893e-20 1.25893e-20 1.25893e-20 1.25893e-20 1.25893e-20 1.25893e-20 1.25893e-20 1.25893e-20 1.25893e-20 1.25893e-20 1.25893e-20 1.25893e-20 1.25893e-20 1.25893e-20 1.25893e-20 1.25893e-20 
0.352929	1	1.25893e-20 1.25893e-20 1.25893e-20 1.25893e-20 1.25893e-20 1.25893e-20 1.25893e-20 1.25893e-20 1.25893e-20 1.25893e-20 1.25893e-20 1.25893e-20 1.25893e-20 1.25893e-20 1.25893e-20 1.25893e-20 1.25893e-20 1.25893e-20 1.25893e-20 1.25893e-20 1.25893e-20 1.25893e-20 1.25893e-20 1.25893e-20 1.25893e-20 
0.362929	1	1.25893e-20 1.25893e-20 1.25893e-20 1.25893e-20 1.25893e-20 1.25893e-20 1.25893e-20 1.25893e-20 1.25893e-20 1.25893e-20 1.25893e-20 1.25893e-20 1.25893e-20 1.25893e-20 1.25893e-20 1.25893e-20 1.25893e-20 1.25893e-20 1.25893e-20 1.25893e-20 1.25893e-20 1.25893e-20 1.25893e-20 1.25893e-20 1.25893e-20 
0.372929	1	1.25893e-20 1.25893e-20 1.25893e-20 1.25893e-20 1.25893e-20 1.25893e-20 1.25893e-20 1.25893e-20 1.25893e-20 1.25893e-20 1.25893e-20 1.25893e-20 1.25893e-20 1.25893e-20 1.25893e-20 1.25893e-20 1.25893e-20 1.25893e-20 1.25893e-20 1.25893e-20 1.25893e-20 1.25893e-20 1.25893e-20 1.25893e-20 1.25893e-20 
0.382929	1	1.25893e-20 1.25893e-20 1.25893e-20 1.25893e-20 1.25893e-20 1.25893e-20 1.25893e-20 1.25893e-20 1.25893e-20 1.25893e-20 1.25893e-20 1.25893e-20 1.25893e-20 1.25893e-20 1.25893e-20 1.25893e-20 1.25893e-20 1.25893e-20 1.25893e-20 1.25893e-20 1.25893e-20 1.25893e-20 1.25893e-20 1.25893e-20 1.25893e-20 
0.392929	1	1.25893e-20 1.25893e-20 1.25893e-20 1.25893e-20 1.25893e-20 1.25893e-20 1.25893e-20 1.25893e-20 1.25893e-20 1.25893e-20 1.25893e-20 1.25893e-20 1.25893e-20 1.25893e-20 1.25893e-20 1.25893e-20 1.25893e-20 1.25893e-20 1.25893e-20 1.25893e-20 1.25893e-20 1.25893e-20 1.25893e-20 1.25893e-20 1.25893e-20 
0.402929	1	1.25893e-20 1.25893e-20 1.25893e-20 1.25893e-20 1.25893e-20 1.25893e-20 1.25893e-20 1.25893e-20 1.25893e-20 1.25893e-20 1.25893e-20 1.25893e-20 1.25893e-20 1.25893e-20 1.25893e-20 1.25893e-20 1.25893e-20 1.25893e-20 1.25893e-20 1.25893e-20 1.25893e-20 1.25893e-20 1.25893e-20 1.25893e-20 1.25893e-20 
0.412929	1	1.25893e-20 1.25893e-20 1.25893e-20 1.25893e-20 1.25893e-20 1.25893e-20 1.25893e-20 1.25893e-20 1.25893e-20 1.25893e-20 1.25893e-20 1.25893e-20 1.25893e-20 1.25893e-20 1.25893e-20 1.25893e-20 1.25893e-20 1.25893e-20 1.25893e-20 1.25893e-20 1.25893e-20 1.25893e-20 1.25893e-20 1.25893e-20 1.25893e-20 
0.422929	1	1.25893e-20 1.25893e-20 1.25893e-20 1.25893e-20 1.25893e-20 1.25893e-20 1.25893e-20 1.25893e-20 1.25893e-20 1.25893e-20 1.25893e-20 1.25893e-20 1.25893e-20 1.25893e-20 1.25893e-20 1.25893e-20 1.25893e-20 1.25893e-20 1.25893e-20 1.25893e-20 1.25893e-20 1.25893e-20 1.25893e-20 1.25893e-20 1.25893e-20 
0.432929	1	1.25893e-20 1.25893e-20 1.25893e-20 1.25893e-20 1.25893e-20 1.25893e-20 1.25893e-20 1.25893e-20 1.25893e-20 1.25893e-20 1.25893e-20 1.25893e-20 1.25893e-20 1.25893e-20 1.25893e-20 1.25893e-20 1.25893e-20 1.25893e-20 1.25893e-20 1.25893e-20 1.25893e-20 1.25893e-20 1.25893e-20 1.25893e-20 1.25893e-20 
0.442929	1	1.25893e-20 1.25893e-20 1.25893e-20 1.25893e-20 1.25893e-20 1.25893e-20 1.25893e-20 1.25893e-20 1.25893e-20 1.25893e-20 1.25893e-20 1.25893e-20 1.25893e-20 1.25893e-20 1.25893e-20 1.25893e-20 1.25893e-20 1.25893e-20 1.25893e-20 1.25893e-20 1.25893e-20 1.25893e-20 1.25893e-20 1.25893e-20 1.25893e-20 
0.452929	1	1.25893e-20 1.25893e-20 1.25893e-20 1.25893e-20 1.25893e-20 1.25893e-20 1.25893e-20 1.25893e-20 1.25893e-20 1.25893e-20 1.25893e-20 1.25893e-20 1.25893e-20 1.25893e-20 1.25893e-20 1.25893e-20 1.25893e-20 1.25893e-20 1.25893e-20 1.25893e-20 1.25893e-20 1.25893e-20 1.25893e-20 1.25893e-20 1.25893e-20 
0.462929	1	1.25893e-20 1.25893e-20 1.25893e-20 1.25893e-20 1.25893e-20 1.25893e-20 1.25893e-20 1.25893e-20 1.25893e-20 1.25893e-20 1.25893e-20 1.25893e-20 1.25893e-20 1.25893e-20 1.25893e-20 1.25893e-20 1.25893e-20 1.25893e-20 1.25893e-20 1.25893e-20 1.25893e-20 1.25893e-20 1.25893e-20 1.25893e-20 1.25893e-20 
0.472929	1	1.25893e-20 1.25893e-20 1.25893e-20 1.25893e-20 1.25893e-20 1.25893e-20 1.25893e-20 1.25893e-20 1.25893e-20 1.25893e-20 1.25893e-20 1.25893e-20 1.25893e-20 1.25893e-20 1.25893e-20 1.25893e-20 1.25893e-20 1.25893e-20 1.25893e-20 1.25893e-20 1.25893e-20 1.25893e-20 1.25893e-20 1.25893e-20 1.25893e-20 
0.482929	1	1.25893e-20 1.25893e-20 1.25893e-20 1.25893e-20 1.25893e-20 1.25893e-20 1.25893e-20 1.25893e-20 1.25893e-20 1.25893e-20 1.25893e-20 1.25893e-20 1.25893e-20 1.25893e-20 1.25893e-20 1.25893e-20 1.25893e-20 1.25893e-20 1.25893e-20 1.25893e-20 1.25893e-20 1.25893e-20 1.25893e-20 1.25893e-20 1.25893e-20 
0.492929	1	1.25893e-20 1.25893e-20 1.25893e-20 1.25893e-20 1.25893e-20 1.25893e-20 1.25893e-20 1.25893e-20 1.25893e-20 1.25893e-20 1.25893e-20 1.25893e-20 1.25893e-20 1.25893e-20 1.25893e-20 1.25893e-20 1.25893e-20 1.25893e-20 1.25893e-20 1.25893e-20 1.25893e-20 1.25893e-20 1.25893e-20 1.25893e-20 1.25893e-20 
0.502929	1	1.25893e-20 1.25893e-20 1.25893e-20 1.25893e-20 1.25893e-20 1.25893e-20 1.25893e-20 1.25893e-20 1.25893e-20 1.25893e-20 1.25893e-20 1.25893e-20 1.25893e-20 1.25893e-20 1.25893e-20 1.25893e-20 1.25893e-20 1.25893e-20 1.25893e-20 1.25893e-20 1.25893e-20 1.25893e-20 1.25893e-20 1.25893e-20 1.25893e-20 
0.512929	1	1.25893e-20 1.25893e-20 1.25893e-20 1.25893e-20 1.25893e-20 1.25893e-20 1.25893e-20 1.25893e-20 1.25893e-20 1.25893e-20 1.25893e-20 1.25893e-20 1.25893e-20 1.25893e-20 1.25893e-20 1.25893e-20 1.25893e-20 1.25893e-20 1.25893e-20 1.25893e-20 1.25893e-20 1.25893e-20 1.25893e-20 1.25893e-20 1.25893e-20 
0.532929	2	1.25893e-20 1.25893e-20 1.25893e-20 1.25893e-20 1.25893e-20 1.25893e-20 1.25893e-20 1.25893e-20 1.25893e-20 1.25893e-20 1.25893e-20 1.25893e-20 1.25893e-20 1.25893e-20 1.25893e-20 1.25893e-20 1.25893e-20 1.25893e-20 1.25893e-20 1.25893e-20 1.25893e-20 1.25893e-20 1.25893e-20 1.25893e-20 1.25893e-20 
0.542929	2	1.25893e-20 1.25893e-20 1.25893e-20 1.25893e-20 1.25893e-20 1.25893e-20 1.25893e-20 1.25893e-20 1.25893e-20 1.25893e-20 1.25893e-20 1.25893e-20 1.25893e-20 1.25893e-20 1.25893e-20 1.25893e-20 1.25893e-20 1.25893e-20 1.25893e-20 1.25893e-20 1.25893e-20 1.25893e-20 1.25893e-20 1.25893e-20 1.25893e-20 
0.548929	2	1.25893e-20 1.25893e-20 1.25893e-20 1.25893e-20 1.25893e-20 1.25893e-20 1.25893e-20 1.25893e-20 1.25893e-20 1.25893e-20 1.25893e-20 1.25893e-20 1.25893e-20 1.25893e-20 1.25893e-20 1.25893e-20 1.25893e-20 1.25893e-20 1.25893e-20 1.25893e-20 1.25893e-20 1.25893e-20 1.25893e-20 1.25893e-20 1.25893e-20 
0.568929	2	1.25893e-20 1.25893e-20 1.25893e-20 1.25893e-20 1.25893e-20 1.25893e-20 1.25893e-20 1.25893e-20 1.25893e-20 1.25893e-20 1.25893e-20 1.25893e-20 1.25893e-20 1.25893e-20 1.25893e-20 1.25893e-20 1.25893e-20 1.25893e-20 1.25893e-20 1.25893e-20 1.25893e-20 1.25893e-20 1.25893e-20 1.25893e-20 1.25893e-20 
0.572929	2	1.25893e-20 1.25893e-20 1.25893e-20 1.25893e-20 1.25893e-20 1.25893e-20 1.25893e-20 1.25893e-20 1.25893e-20 1.25893e-20 1.25893e-20 1.25893e-20 1.25893e-20 1.25893e-20 1.25893e-20 1.25893e-20 1.25893e-20 1.25893e-20 1.25893e-20 1.25893e-20 1.25893e-20 1.25893e-20 1.25893e-20 1.25893e-20 1.25893e-20 
0.592929	2	1.25893e-20 1.25893e-20 1.25893e-20 1.25893e-20 1.25893e-20 1.25893e-20 1.25893e-20 1.25893e-20 1.25893e-20 1.25893e-20 1.25893e-20 1.25893e-20 1.25893e-20 1.25893e-20 1.25893e-20 1.25893e-20 1.25893e-20 1.25893e-20 1.25893e-20 1.25893e-20 1.25893e-20 1.25893e-20 1.25893e-20 1.25893e-20 1.25893e-20 
0.602929	2	1.25893e-20 1.25893e-20 1.25893e-20 1.25893e-20 1.25893e-20 1.25893e-20 1.25893e-20 1.25893e-20 1.25893e-20 1.25893e-20 1.25893e-20 1.25893e-20 1.25893e-20 1.25893e-20 1.25893e-20 1.25893e-20 1.25893e-20 1.25893e-20 1.25893e-20 1.25893e-20 1.25893e-20 1.25893e-20 1.25893e-20 1.25893e-20 1.25893e-20 
0.622929	2	1.25893e-20 1.25893e-20 1.25893e-20 1.25893e-20 1.25893e-20 1.25893e-20 1.25893e-20 1.25893e-20 1.25893e-20 1.25893e-20 1.25893e-20 1.25893e-20 1.25893e-20 1.25893e-20 1.25893e-20 1.25893e-20 1.25893e-20 1.25893e-20 1.25893e-20 1.25893e-20 1.25893e-20 1.25893e-20 1.25893e-20 1.25893e-20 1.25893e-20 
0.632929	2	1.25893e-20 1.25893e-20 1.25893e-20 1.25893e-20 1.25893e-20 1.25893e-20 1.25893e-20 1.25893e-20 1.25893e-20 1.25893e-20 1.25893e-20 1.25893e-20 1.25893e-20 1.25893e-20 1.25893e-20 1.25893e-20 1.25893e-20 1.25893e-20 1.25893e-20 1.25893e-20 1.25893e-20 1.25893e-20 1.25893e-20 1.25893e-20 1.25893e-20 
0.650929	2	1.25893e-20 1.25893e-20 1.25893e-20 1.25893e-20 1.25893e-20 1.25893e-20 1.25893e-20 1.25893e-20 1.25893e-20 1.25893e-20 1.25893e-20 1.25893e-20 1.25893e-20 1.25893e-20 1.25893e-20 1.25893e-20 1.25893e-20 1.25893e-20 1.25893e-20 1.25893e-20 1.25893e-20 1.25893e-20 1.25893e-20 1.25893e-20 1.25893e-20 
0.663929	2	1.25893e-20 1.25893e-20 1.25893e-20 1.25893e-20 1.25893e-20 1.25893e-20 1.25893e-20 1.25893e-20 1.25893e-20 1.25893e-20 1.25893e-20 1.25893e-20 1.25893e-20 1.25893e-20 1.25893e-20 1.25893e-20 1.25893e-20 1.25893e-20 1.25893e-20 1.25893e-20 1.25893e-20 1.25893e-20 1.25893e-20 1.25893e-20 1.25893e-20 
0.678929	2	1.25893e-20 1.25893e-20 1.25893e-20 1.25893e-20 1.25893e-20 1.25893e-20 1.25893e-20 1.25893e-20 1.25893e-20 1.25893e-20 1.25893e-20 1.25893e-20 1.25893e-20 1.25893e-20 1.25893e-20 1.25893e-20 1.25893e-20 1.25893e-20 1.25893e-20 1.25893e-20 1.25893e-20 1.25893e-20 1.25893e-20 1.25893e-20 1.25893e-20 
0.682929	2	1.25893e-20 1.25893e-20 1.25893e-20 1.25893e-20 1.25893e-20 1.25893e-20 1.25893e-20 1.25893e-20 1.25893e-20 1.25893e-20 1.25893e-20 1.25893e-20 1.25893e-20 1.25893e-20 1.25893e-20 1.25893e-20 1.25893e-20 1.25893e-20 1.25893e-20 1.25893e-20 1.25893e-20 1.25893e-20 1.25893e-20 1.25893e-20 1.25893e-20 
0.692929	2	1.25893e-20 1.25893e-20 1.25893e-20 1.25893e-20 1.25893e-20 1.25893e-20 1.25893e-20 1.25893e-20 1.25893e-20 1.25893e-20 1.25893e-20 1.25893e-20 1.25893e-20 1.25893e-20 1.25893e-20 1.25893e-20 1.25893e-20 1.25893e-20 1.25893e-20 1.25893e-20 1.25893e-20 1.25893e-20 1.25893e-20 1.25893e-20 1.25893e-20 
0.702929	2	1.25893e-20 1.25893e-20 1.25893e-20 1.25893e-20 1.25893e-20 1.25893e-20 1.25893e-20 1.25893e-20 1.25893e-20 1.25893e-20 1.25893e-20 1.25893e-20 1.25893e-20 1.25893e-20 1.25893e-20 1.25893e-20 1.25893e-20 1.25893e-20 1.25893e-20 1.25893e-20 1.25893e-20 1.25893e-20 1.25893e-20 1.25893e-20 1.25893e-20 
0.732929	2	1.25893e-20 1.25893e-20 1.25893e-20 1.25893e-20 1.25893e-20 1.25893e-20 1.25893e-20 1.25893e-20 1.25893e-20 1.25893e-20 1.25893e-20 1.25893e-20 1.25893e-20 1.25893e-20 1.25893e-20 1.25893e-20 1.25893e-20 1.25893e-20 1.25893e-20 1.25893e-20 1.25893e-20 1.25893e-20 1.25893e-20 1.25893e-20 1.25893e-20 
0.733929	2	1.25893e-20 1.25893e-20 1.25893e-20 1.25893e-20 1.25893e-20 1.25893e-20 1.25893e-20 1.25893e-20 1.25893e-20 1.25893e-20 1.25893e-20 1.25893e-20 1.25893e-20 1.25893e-20 1.25893e-20 1.25893e-20 1.25893e-20 1.25893e-20 1.25893e-20 1.25893e-20 1.25893e-20 1.25893e-20 1.25893e-20 1.25893e-20 1.25893e-20 
0.752929	2	1.25893e-20 1.25893e-20 1.25893e-20 1.25893e-20 1.25893e-20 1.25893e-20 1.25893e-20 1.25893e-20 1.25893e-20 1.25893e-20 1.25893e-20 1.25893e-20 1.25893e-20 1.25893e-20 1.25893e-20 1.25893e-20 1.25893e-20 1.25893e-20 1.25893e-20 1.25893e-20 1.25893e-20 1.25893e-20 1.25893e-20 1.25893e-20 1.25893e-20 
0.762929	2	1.25893e-20 1.25893e-20 1.25893e-20 1.25893e-20 1.25893e-20 1.25893e-20 1.25893e-20 1.25893e-20 1.25893e-20 1.25893e-20 1.25893e-20 1.25893e-20 1.25893e-20 1.25893e-20 1.25893e-20 1.25893e-20 1.25893e-20 1.25893e-20 1.25893e-20 1.25893e-20 1.25893e-20 1.25893e-20 1.25893e-20 1.25893e-20 1.25893e-20 
0.772929	2	1.25893e-20 1.25893e-20 1.25893e-20 1.25893e-20 1.25893e-20 1.25893e-20 1.25893e-20 1.25893e-20 1.25893e-20 1.25893e-20 1.25893e-20 1.25893e-20 1.25893e-20 1.25893e-20 1.25893e-20 1.25893e-20 1.25893e-20 1.25893e-20 1.25893e-20 1.25893e-20 1.25893e-20 1.25893e-20 1.25893e-20 1.25893e-20 1.25893e-20 
0.782929	2	1.25893e-20 1.25893e-20 1.25893e-20 1.25893e-20 1.25893e-20 1.25893e-20 1.25893e-20 1.25893e-20 1.25893e-20 1.25893e-20 1.25893e-20 1.25893e-20 1.25893e-20 1.25893e-20 1.25893e-20 1.25893e-20 1.25893e-20 1.25893e-20 1.25893e-20 1.25893e-20 1.25893e-20 1.25893e-20 1.25893e-20 1.25893e-20 1.25893e-20 
0.802929	2	1.25893e-20 1.25893e-20 1.25893e-20 1.25893e-20 1.25893e-20 1.25893e-20 1.25893e-20 1.25893e-20 1.25893e-20 1.25893e-20 1.25893e-20 1.25893e-20 1.25893e-20 1.25893e-20 1.25893e-20 1.25893e-20 1.25893e-20 1.25893e-20 1.25893e-20 1.25893e-20 1.25893e-20 1.25893e-20 1.25893e-20 1.25893e-20 1.25893e-20 
0.822929	2	1.25893e-20 1.25893e-20 1.25893e-20 1.25893e-20 1.25893e-20 1.25893e-20 1.25893e-20 1.25893e-20 1.25893e-20 1.25893e-20 1.25893e-20 1.25893e-20 1.25893e-20 1.25893e-20 1.25893e-20 1.25893e-20 1.25893e-20 1.25893e-20 1.25893e-20 1.25893e-20 1.25893e-20 1.25893e-20 1.25893e-20 1.25893e-20 1.25893e-20 
0.842929	2	1.25893e-20 1.25893e-20 1.25893e-20 1.25893e-20 1.25893e-20 1.25893e-20 1.25893e-20 1.25893e-20 1.25893e-20 1.25893e-20 1.25893e-20 1.25893e-20 1.25893e-20 1.25893e-20 1.25893e-20 1.25893e-20 1.25893e-20 1.25893e-20 1.25893e-20 1.25893e-20 1.25893e-20 1.25893e-20 1.25893e-20 1.25893e-20 1.25893e-20 
0.852929	2	1.25893e-20 1.25893e-20 1.25893e-20 1.25893e-20 1.25893e-20 1.25893e-20 1.25893e-20 1.25893e-20 1.25893e-20 1.25893e-20 1.25893e-20 1.25893e-20 1.25893e-20 1.25893e-20 1.25893e-20 1.25893e-20 1.25893e-20 1.25893e-20 1.25893e-20 1.25893e-20 1.25893e-20 1.25893e-20 1.25893e-20 1.25893e-20 1.25893e-20 
0.862929	2	1.25893e-20 1.25893e-20 1.25893e-20 1.25893e-20 1.25893e-20 1.25893e-20 1.25893e-20 1.25893e-20 1.25893e-20 1.25893e-20 1.25893e-20 1.25893e-20 1.25893e-20 1.25893e-20 1.25893e-20 1.25893e-20 1.25893e-20 1.25893e-20 1.25893e-20 1.25893e-20 1.25893e-20 1.25893e-20 1.25893e-20 1.25893e-20 1.25893e-20 
0.882929	2	1.25893e-20 1.25893e-20 1.25893e-20 1.25893e-20 1.25893e-20 1.25893e-20 1.25893e-20 1.25893e-20 1.25893e-20 1.25893e-20 1.25893e-20 1.25893e-20 1.25893e-20 1.25893e-20 1.25893e-20 1.25893e-20 1.25893e-20 1.25893e-20 1.25893e-20 1.25893e-20 1.25893e-20 1.25893e-20 1.25893e-20 1.25893e-20 1.25893e-20 
0.924929	2	1.25893e-20 1.25893e-20 1.25893e-20 1.25893e-20 1.25893e-20 1.25893e-20 1.25893e-20 1.25893e-20 1.25893e-20 1.25893e-20 1.25893e-20 1.25893e-20 1.25893e-20 1.25893e-20 1.25893e-20 1.25893e-20 1.25893e-20 1.25893e-20 1.25893e-20 1.25893e-20 1.25893e-20 1.25893e-20 1.25893e-20 1.25893e-20 1.25893e-20 
0.964929	2	1.25893e-20 1.25893e-20 1.25893e-20 1.25893e-20 1.25893e-20 1.25893e-20 1.25893e-20 1.25893e-20 1.25893e-20 1.25893e-20 1.25893e-20 1.25893e-20 1.25893e-20 1.25893e-20 1.25893e-20 1.25893e-20 1.25893e-20 1.25893e-20 1.25893e-20 1.25893e-20 1.25893e-20 1.25893e-20 1.25893e-20 1.25893e-20 1.25893e-20 
0.973929	2	1.25893e-20 1.25893e-20 1.25893e-20 1.25893e-20 1.25893e-20 1.25893e-20 1.25893e-20 1.25893e-20 1.25893e-20 1.25893e-20 1.25893e-20 1.25893e-20 1.25893e-20 1.25893e-20 1.25893e-20 1.25893e-20 1.25893e-20 1.25893e-20 1.25893e-20 1.25893e-20 1.25893e-20 1.25893e-20 1.25893e-20 1.25893e-20 1.25893e-20 
0.982929	2	1.25893e-20 1.25893e-20 1.25893e-20 1.25893e-20 1.25893e-20 1.25893e-20 1.25893e-20 1.25893e-20 1.25893e-20 1.25893e-20 1.25893e-20 1.25893e-20 1.25893e-20 1.25893e-20 1.25893e-20 1.25893e-20 1.25893e-20 1.25893e-20 1.25893e-20 1.25893e-20 1.25893e-20 1.25893e-20 1.25893e-20 1.25893e-20 1.25893e-20 
