% time	cellId	IMSI	frame	sframe	RNTI	mcsTb1	sizeTb1	mcsTb2	sizeTb2
0.021	1	1	3	2	1	0	81	0	0
0.022	1	2	3	3	2	0	81	0	0
0.023	1	1	3	4	1	0	81	0	0
0.024	1	2	3	5	2	0	81	0	0
0.025	1	1	3	6	1	0	81	0	0
0.026	1	2	3	7	2	28	2196	0	0
0.027	1	1	3	8	1	28	2196	0	0
0.028	1	2	3	9	2	28	2196	0	0
0.029	1	1	3	10	1	28	2196	0	0
0.03	1	2	4	1	2	28	2196	0	0
0.031	1	1	4	2	1	28	2196	0	0
0.032	1	2	4	3	2	28	2196	0	0
0.033	1	1	4	4	1	28	2196	0	0
0.034	1	2	4	5	2	28	2196	0	0
0.035	1	1	4	6	1	28	2196	0	0
0.036	1	2	4	7	2	28	2196	0	0
0.037	1	1	4	8	1	28	2196	0	0
0.038	1	2	4	9	2	28	2196	0	0
0.039	1	1	4	10	1	28	2196	0	0
0.04	1	2	5	1	2	28	2196	0	0
0.041	1	1	5	2	1	28	2196	0	0
0.042	1	2	5	3	2	28	2196	0	0
0.043	1	1	5	4	1	28	2196	0	0
0.044	1	2	5	5	2	28	2196	0	0
0.045	1	1	5	6	1	28	2196	0	0
0.046	1	2	5	7	2	28	2196	0	0
0.047	1	1	5	8	1	28	2196	0	0
0.048	1	2	5	9	2	28	2196	0	0
0.049	1	1	5	10	1	28	2196	0	0
0.05	1	2	6	1	2	28	2196	0	0
0.051	1	1	6	2	1	28	2196	0	0
0.052	1	2	6	3	2	28	2196	0	0
0.053	1	1	6	4	1	28	2196	0	0
0.054	1	2	6	5	2	28	2196	0	0
0.055	1	1	6	6	1	28	2196	0	0
0.056	1	2	6	7	2	28	2196	0	0
0.057	1	1	6	8	1	28	2196	0	0
0.058	1	2	6	9	2	28	2196	0	0
0.059	1	1	6	10	1	28	2196	0	0
0.06	1	2	7	1	2	28	2196	0	0
0.061	1	1	7	2	1	28	2196	0	0
0.062	1	2	7	3	2	28	2196	0	0
0.063	1	1	7	4	1	28	2196	0	0
0.064	1	2	7	5	2	28	2196	0	0
0.065	1	1	7	6	1	28	2196	0	0
0.066	1	2	7	7	2	28	2196	0	0
0.067	1	1	7	8	1	28	2196	0	0
0.068	1	2	7	9	2	28	2196	0	0
0.069	1	1	7	10	1	28	2196	0	0
0.07	1	2	8	1	2	28	2196	0	0
0.071	1	1	8	2	1	28	2196	0	0
0.072	1	2	8	3	2	28	2196	0	0
0.073	1	1	8	4	1	28	2196	0	0
0.074	1	2	8	5	2	28	2196	0	0
0.075	1	1	8	6	1	28	2196	0	0
0.076	1	2	8	7	2	28	2196	0	0
0.077	1	1	8	8	1	28	2196	0	0
0.078	1	2	8	9	2	28	2196	0	0
0.079	1	1	8	10	1	28	2196	0	0
0.08	1	2	9	1	2	28	2196	0	0
0.081	1	1	9	2	1	28	2196	0	0
0.082	1	2	9	3	2	28	2196	0	0
0.083	1	1	9	4	1	28	2196	0	0
0.084	1	2	9	5	2	28	2196	0	0
0.085	1	1	9	6	1	28	2196	0	0
0.086	1	2	9	7	2	28	2196	0	0
0.087	1	1	9	8	1	28	2196	0	0
0.088	1	2	9	9	2	28	2196	0	0
0.089	1	1	9	10	1	28	2196	0	0
0.09	1	2	10	1	2	28	2196	0	0
0.091	1	1	10	2	1	28	2196	0	0
0.092	1	2	10	3	2	28	2196	0	0
0.093	1	1	10	4	1	28	2196	0	0
0.094	1	2	10	5	2	28	2196	0	0
0.095	1	1	10	6	1	28	2196	0	0
0.096	1	2	10	7	2	28	2196	0	0
0.097	1	1	10	8	1	28	2196	0	0
0.098	1	2	10	9	2	28	2196	0	0
0.099	1	1	10	10	1	28	2196	0	0
0.1	1	2	11	1	2	28	2196	0	0
0.101	1	1	11	2	1	28	2196	0	0
0.102	1	2	11	3	2	28	2196	0	0
0.103	1	1	11	4	1	28	2196	0	0
0.104	1	2	11	5	2	28	2196	0	0
0.105	1	1	11	6	1	28	2196	0	0
0.106	1	2	11	7	2	28	2196	0	0
0.107	1	1	11	8	1	28	2196	0	0
0.108	1	2	11	9	2	28	2196	0	0
0.109	1	1	11	10	1	28	2196	0	0
0.11	1	2	12	1	2	28	2196	0	0
0.111	1	1	12	2	1	28	2196	0	0
0.112	1	2	12	3	2	28	2196	0	0
0.113	1	1	12	4	1	28	2196	0	0
0.114	1	2	12	5	2	28	2196	0	0
0.115	1	1	12	6	1	28	2196	0	0
0.116	1	2	12	7	2	28	2196	0	0
0.117	1	1	12	8	1	28	2196	0	0
0.118	1	2	12	9	2	28	2196	0	0
0.119	1	1	12	10	1	28	2196	0	0
0.12	1	2	13	1	2	28	2196	0	0
0.121	1	1	13	2	1	28	2196	0	0
0.122	1	2	13	3	2	28	2196	0	0
0.123	1	1	13	4	1	28	2196	0	0
0.124	1	2	13	5	2	28	2196	0	0
0.125	1	1	13	6	1	28	2196	0	0
0.126	1	2	13	7	2	28	2196	0	0
0.127	1	1	13	8	1	28	2196	0	0
0.128	1	2	13	9	2	28	2196	0	0
0.129	1	1	13	10	1	28	2196	0	0
0.13	1	2	14	1	2	28	2196	0	0
0.131	1	1	14	2	1	28	2196	0	0
0.132	1	2	14	3	2	28	2196	0	0
0.133	1	1	14	4	1	28	2196	0	0
0.134	1	2	14	5	2	28	2196	0	0
0.135	1	1	14	6	1	28	2196	0	0
0.136	1	2	14	7	2	28	2196	0	0
0.137	1	1	14	8	1	28	2196	0	0
0.138	1	2	14	9	2	28	2196	0	0
0.139	1	1	14	10	1	28	2196	0	0
0.14	1	2	15	1	2	28	2196	0	0
0.141	1	1	15	2	1	28	2196	0	0
0.142	1	2	15	3	2	28	2196	0	0
0.143	1	1	15	4	1	28	2196	0	0
0.144	1	2	15	5	2	28	2196	0	0
0.145	1	1	15	6	1	28	2196	0	0
0.146	1	2	15	7	2	28	2196	0	0
0.147	1	1	15	8	1	28	2196	0	0
0.148	1	2	15	9	2	28	2196	0	0
0.149	1	1	15	10	1	28	2196	0	0
0.15	1	2	16	1	2	28	2196	0	0
0.151	1	1	16	2	1	28	2196	0	0
0.152	1	2	16	3	2	28	2196	0	0
0.153	1	1	16	4	1	28	2196	0	0
0.154	1	2	16	5	2	28	2196	0	0
0.155	1	1	16	6	1	28	2196	0	0
0.156	1	2	16	7	2	28	2196	0	0
0.157	1	1	16	8	1	28	2196	0	0
0.158	1	2	16	9	2	28	2196	0	0
0.159	1	1	16	10	1	28	2196	0	0
0.16	1	2	17	1	2	28	2196	0	0
0.161	1	1	17	2	1	28	2196	0	0
0.162	1	2	17	3	2	28	2196	0	0
0.163	1	1	17	4	1	28	2196	0	0
0.164	1	2	17	5	2	28	2196	0	0
0.165	1	1	17	6	1	28	2196	0	0
0.166	1	2	17	7	2	28	2196	0	0
0.167	1	1	17	8	1	28	2196	0	0
0.168	1	2	17	9	2	28	2196	0	0
0.169	1	1	17	10	1	28	2196	0	0
0.17	1	2	18	1	2	28	2196	0	0
0.171	1	1	18	2	1	28	2196	0	0
0.172	1	2	18	3	2	28	2196	0	0
0.173	1	1	18	4	1	28	2196	0	0
0.174	1	2	18	5	2	28	2196	0	0
0.175	1	1	18	6	1	28	2196	0	0
0.176	1	2	18	7	2	28	2196	0	0
0.177	1	1	18	8	1	28	2196	0	0
0.178	1	2	18	9	2	28	2196	0	0
0.179	1	1	18	10	1	28	2196	0	0
0.18	1	2	19	1	2	28	2196	0	0
0.181	1	1	19	2	1	28	2196	0	0
0.182	1	2	19	3	2	28	2196	0	0
0.183	1	1	19	4	1	28	2196	0	0
0.184	1	2	19	5	2	28	2196	0	0
0.185	1	1	19	6	1	28	2196	0	0
0.186	1	2	19	7	2	28	2196	0	0
0.187	1	1	19	8	1	28	2196	0	0
0.188	1	2	19	9	2	28	2196	0	0
0.189	1	1	19	10	1	28	2196	0	0
0.19	1	2	20	1	2	28	2196	0	0
0.191	1	1	20	2	1	28	2196	0	0
0.192	1	2	20	3	2	28	2196	0	0
0.193	1	1	20	4	1	28	2196	0	0
0.194	1	2	20	5	2	28	2196	0	0
0.195	1	1	20	6	1	28	2196	0	0
0.196	1	2	20	7	2	28	2196	0	0
0.197	1	1	20	8	1	28	2196	0	0
0.198	1	2	20	9	2	28	2196	0	0
0.199	1	1	20	10	1	28	2196	0	0
0.2	1	2	21	1	2	28	2196	0	0
0.201	1	1	21	2	1	28	2196	0	0
0.202	1	2	21	3	2	28	2196	0	0
0.203	1	1	21	4	1	28	2196	0	0
0.204	1	2	21	5	2	28	2196	0	0
0.205	1	1	21	6	1	28	2196	0	0
0.206	1	2	21	7	2	28	2196	0	0
0.207	1	1	21	8	1	28	2196	0	0
0.208	1	2	21	9	2	28	2196	0	0
0.209	1	1	21	10	1	28	2196	0	0
0.21	1	2	22	1	2	28	2196	0	0
0.211	1	1	22	2	1	28	2196	0	0
0.212	1	2	22	3	2	28	2196	0	0
0.213	1	1	22	4	1	28	2196	0	0
0.214	1	2	22	5	2	28	2196	0	0
0.215	1	1	22	6	1	28	2196	0	0
0.216	1	2	22	7	2	28	2196	0	0
0.217	1	1	22	8	1	28	2196	0	0
0.218	1	2	22	9	2	28	2196	0	0
0.219	1	1	22	10	1	28	2196	0	0
0.22	1	2	23	1	2	28	2196	0	0
0.221	1	1	23	2	1	28	2196	0	0
0.222	1	2	23	3	2	28	2196	0	0
0.223	1	1	23	4	1	28	2196	0	0
0.224	1	2	23	5	2	28	2196	0	0
0.225	1	1	23	6	1	28	2196	0	0
0.226	1	2	23	7	2	28	2196	0	0
0.227	1	1	23	8	1	28	2196	0	0
0.228	1	2	23	9	2	28	2196	0	0
0.229	1	1	23	10	1	28	2196	0	0
0.23	1	2	24	1	2	28	2196	0	0
0.231	1	1	24	2	1	28	2196	0	0
0.232	1	2	24	3	2	28	2196	0	0
0.233	1	1	24	4	1	28	2196	0	0
0.234	1	2	24	5	2	28	2196	0	0
0.235	1	1	24	6	1	28	2196	0	0
0.236	1	2	24	7	2	28	2196	0	0
0.237	1	1	24	8	1	28	2196	0	0
0.238	1	2	24	9	2	28	2196	0	0
0.239	1	1	24	10	1	28	2196	0	0
0.24	1	2	25	1	2	28	2196	0	0
0.241	1	1	25	2	1	28	2196	0	0
0.242	1	2	25	3	2	28	2196	0	0
0.243	1	1	25	4	1	28	2196	0	0
0.244	1	2	25	5	2	28	2196	0	0
0.245	1	1	25	6	1	28	2196	0	0
0.246	1	2	25	7	2	28	2196	0	0
0.247	1	1	25	8	1	28	2196	0	0
0.248	1	2	25	9	2	28	2196	0	0
0.249	1	1	25	10	1	28	2196	0	0
0.25	1	2	26	1	2	28	2196	0	0
0.251	1	1	26	2	1	28	2196	0	0
0.252	1	2	26	3	2	28	2196	0	0
0.253	1	1	26	4	1	28	2196	0	0
0.254	1	2	26	5	2	28	2196	0	0
0.255	1	1	26	6	1	28	2196	0	0
0.256	1	2	26	7	2	28	2196	0	0
0.257	1	1	26	8	1	28	2196	0	0
0.258	1	2	26	9	2	28	2196	0	0
0.259	1	1	26	10	1	28	2196	0	0
0.26	1	2	27	1	2	28	2196	0	0
0.261	1	1	27	2	1	28	2196	0	0
0.262	1	2	27	3	2	28	2196	0	0
0.263	1	1	27	4	1	28	2196	0	0
0.264	1	2	27	5	2	28	2196	0	0
0.265	1	1	27	6	1	28	2196	0	0
0.266	1	2	27	7	2	28	2196	0	0
0.267	1	1	27	8	1	28	2196	0	0
0.268	1	2	27	9	2	28	2196	0	0
0.269	1	1	27	10	1	28	2196	0	0
0.27	1	2	28	1	2	28	2196	0	0
0.271	1	1	28	2	1	28	2196	0	0
0.272	1	2	28	3	2	28	2196	0	0
0.273	1	1	28	4	1	28	2196	0	0
0.274	1	2	28	5	2	28	2196	0	0
0.275	1	1	28	6	1	28	2196	0	0
0.276	1	2	28	7	2	28	2196	0	0
0.277	1	1	28	8	1	28	2196	0	0
0.278	1	2	28	9	2	28	2196	0	0
0.279	1	1	28	10	1	28	2196	0	0
0.28	1	2	29	1	2	28	2196	0	0
0.281	1	1	29	2	1	28	2196	0	0
0.282	1	2	29	3	2	28	2196	0	0
0.283	1	1	29	4	1	28	2196	0	0
0.284	1	2	29	5	2	28	2196	0	0
0.285	1	1	29	6	1	28	2196	0	0
0.286	1	2	29	7	2	28	2196	0	0
0.287	1	1	29	8	1	28	2196	0	0
0.288	1	2	29	9	2	28	2196	0	0
0.289	1	1	29	10	1	28	2196	0	0
0.29	1	2	30	1	2	28	2196	0	0
0.291	1	1	30	2	1	28	2196	0	0
0.292	1	2	30	3	2	28	2196	0	0
0.293	1	1	30	4	1	28	2196	0	0
0.294	1	2	30	5	2	28	2196	0	0
0.295	1	1	30	6	1	28	2196	0	0
0.296	1	2	30	7	2	28	2196	0	0
0.297	1	1	30	8	1	28	2196	0	0
0.298	1	2	30	9	2	28	2196	0	0
0.299	1	1	30	10	1	28	2196	0	0
0.3	1	2	31	1	2	28	2196	0	0
0.301	1	1	31	2	1	28	2196	0	0
0.302	1	2	31	3	2	28	2196	0	0
0.303	1	1	31	4	1	28	2196	0	0
0.304	1	2	31	5	2	28	2196	0	0
0.305	1	1	31	6	1	28	2196	0	0
0.306	1	2	31	7	2	28	2196	0	0
0.307	1	1	31	8	1	28	2196	0	0
0.308	1	2	31	9	2	28	2196	0	0
0.309	1	1	31	10	1	28	2196	0	0
0.31	1	2	32	1	2	28	2196	0	0
0.311	1	1	32	2	1	28	2196	0	0
0.312	1	2	32	3	2	28	2196	0	0
0.313	1	1	32	4	1	28	2196	0	0
0.314	1	2	32	5	2	28	2196	0	0
0.315	1	1	32	6	1	28	2196	0	0
0.316	1	2	32	7	2	28	2196	0	0
0.317	1	1	32	8	1	28	2196	0	0
0.318	1	2	32	9	2	28	2196	0	0
0.319	1	1	32	10	1	28	2196	0	0
0.32	1	2	33	1	2	28	2196	0	0
0.321	1	1	33	2	1	28	2196	0	0
0.322	1	2	33	3	2	28	2196	0	0
0.323	1	1	33	4	1	28	2196	0	0
0.324	1	2	33	5	2	28	2196	0	0
0.325	1	1	33	6	1	28	2196	0	0
0.326	1	2	33	7	2	28	2196	0	0
0.327	1	1	33	8	1	28	2196	0	0
0.328	1	2	33	9	2	28	2196	0	0
0.329	1	1	33	10	1	28	2196	0	0
0.33	1	2	34	1	2	28	2196	0	0
0.331	1	1	34	2	1	28	2196	0	0
0.332	1	2	34	3	2	28	2196	0	0
0.333	1	1	34	4	1	28	2196	0	0
0.334	1	2	34	5	2	28	2196	0	0
0.335	1	1	34	6	1	28	2196	0	0
0.336	1	2	34	7	2	28	2196	0	0
0.337	1	1	34	8	1	28	2196	0	0
0.338	1	2	34	9	2	28	2196	0	0
0.339	1	1	34	10	1	28	2196	0	0
0.34	1	2	35	1	2	28	2196	0	0
0.341	1	1	35	2	1	28	2196	0	0
0.342	1	2	35	3	2	28	2196	0	0
0.343	1	1	35	4	1	28	2196	0	0
0.344	1	2	35	5	2	28	2196	0	0
0.345	1	1	35	6	1	28	2196	0	0
0.346	1	2	35	7	2	28	2196	0	0
0.347	1	1	35	8	1	28	2196	0	0
0.348	1	2	35	9	2	28	2196	0	0
0.349	1	1	35	10	1	28	2196	0	0
0.35	1	2	36	1	2	28	2196	0	0
0.351	1	1	36	2	1	28	2196	0	0
0.352	1	2	36	3	2	28	2196	0	0
0.353	1	1	36	4	1	28	2196	0	0
0.354	1	2	36	5	2	28	2196	0	0
0.355	1	1	36	6	1	28	2196	0	0
0.356	1	2	36	7	2	28	2196	0	0
0.357	1	1	36	8	1	28	2196	0	0
0.358	1	2	36	9	2	28	2196	0	0
0.359	1	1	36	10	1	28	2196	0	0
0.36	1	2	37	1	2	28	2196	0	0
0.361	1	1	37	2	1	28	2196	0	0
0.362	1	2	37	3	2	28	2196	0	0
0.363	1	1	37	4	1	28	2196	0	0
0.364	1	2	37	5	2	28	2196	0	0
0.365	1	1	37	6	1	28	2196	0	0
0.366	1	2	37	7	2	28	2196	0	0
0.367	1	1	37	8	1	28	2196	0	0
0.368	1	2	37	9	2	28	2196	0	0
0.369	1	1	37	10	1	28	2196	0	0
0.37	1	2	38	1	2	28	2196	0	0
0.371	1	1	38	2	1	28	2196	0	0
0.372	1	2	38	3	2	28	2196	0	0
0.373	1	1	38	4	1	28	2196	0	0
0.374	1	2	38	5	2	28	2196	0	0
0.375	1	1	38	6	1	28	2196	0	0
0.376	1	2	38	7	2	28	2196	0	0
0.377	1	1	38	8	1	28	2196	0	0
0.378	1	2	38	9	2	28	2196	0	0
0.379	1	1	38	10	1	28	2196	0	0
0.38	1	2	39	1	2	28	2196	0	0
0.381	1	1	39	2	1	28	2196	0	0
0.382	1	2	39	3	2	28	2196	0	0
0.383	1	1	39	4	1	28	2196	0	0
0.384	1	2	39	5	2	28	2196	0	0
0.385	1	1	39	6	1	28	2196	0	0
0.386	1	2	39	7	2	28	2196	0	0
0.387	1	1	39	8	1	28	2196	0	0
0.388	1	2	39	9	2	28	2196	0	0
0.389	1	1	39	10	1	28	2196	0	0
0.39	1	2	40	1	2	28	2196	0	0
0.391	1	1	40	2	1	28	2196	0	0
0.392	1	2	40	3	2	28	2196	0	0
0.393	1	1	40	4	1	28	2196	0	0
0.394	1	2	40	5	2	28	2196	0	0
0.395	1	1	40	6	1	28	2196	0	0
0.396	1	2	40	7	2	28	2196	0	0
0.397	1	1	40	8	1	28	2196	0	0
0.398	1	2	40	9	2	28	2196	0	0
0.399	1	1	40	10	1	28	2196	0	0
0.4	1	2	41	1	2	28	2196	0	0
0.401	1	1	41	2	1	28	2196	0	0
0.402	1	2	41	3	2	28	2196	0	0
0.403	1	1	41	4	1	28	2196	0	0
0.404	1	2	41	5	2	28	2196	0	0
0.405	1	1	41	6	1	28	2196	0	0
0.406	1	2	41	7	2	28	2196	0	0
0.407	1	1	41	8	1	28	2196	0	0
0.408	1	2	41	9	2	28	2196	0	0
0.409	1	1	41	10	1	28	2196	0	0
0.41	1	2	42	1	2	28	2196	0	0
0.411	1	1	42	2	1	28	2196	0	0
0.412	1	2	42	3	2	28	2196	0	0
0.413	1	1	42	4	1	28	2196	0	0
0.414	1	2	42	5	2	28	2196	0	0
0.415	1	1	42	6	1	28	2196	0	0
0.416	1	2	42	7	2	28	2196	0	0
0.417	1	1	42	8	1	28	2196	0	0
0.418	1	2	42	9	2	28	2196	0	0
0.419	1	1	42	10	1	28	2196	0	0
0.42	1	2	43	1	2	28	2196	0	0
0.421	1	1	43	2	1	28	2196	0	0
0.422	1	2	43	3	2	28	2196	0	0
0.423	1	1	43	4	1	28	2196	0	0
0.424	1	2	43	5	2	28	2196	0	0
0.425	1	1	43	6	1	28	2196	0	0
0.426	1	2	43	7	2	28	2196	0	0
0.427	1	1	43	8	1	28	2196	0	0
0.428	1	2	43	9	2	28	2196	0	0
0.429	1	1	43	10	1	28	2196	0	0
0.43	1	2	44	1	2	28	2196	0	0
0.431	1	1	44	2	1	28	2196	0	0
0.432	1	2	44	3	2	28	2196	0	0
0.433	1	1	44	4	1	28	2196	0	0
0.434	1	2	44	5	2	28	2196	0	0
0.435	1	1	44	6	1	28	2196	0	0
0.436	1	2	44	7	2	28	2196	0	0
0.437	1	1	44	8	1	28	2196	0	0
0.438	1	2	44	9	2	28	2196	0	0
0.439	1	1	44	10	1	28	2196	0	0
0.44	1	2	45	1	2	28	2196	0	0
0.441	1	1	45	2	1	28	2196	0	0
0.442	1	2	45	3	2	28	2196	0	0
0.443	1	1	45	4	1	28	2196	0	0
0.444	1	2	45	5	2	28	2196	0	0
0.445	1	1	45	6	1	28	2196	0	0
0.446	1	2	45	7	2	28	2196	0	0
0.447	1	1	45	8	1	28	2196	0	0
0.448	1	2	45	9	2	28	2196	0	0
0.449	1	1	45	10	1	28	2196	0	0
0.45	1	2	46	1	2	28	2196	0	0
0.451	1	1	46	2	1	28	2196	0	0
0.452	1	2	46	3	2	28	2196	0	0
0.453	1	1	46	4	1	28	2196	0	0
0.454	1	2	46	5	2	28	2196	0	0
0.455	1	1	46	6	1	28	2196	0	0
0.456	1	2	46	7	2	28	2196	0	0
0.457	1	1	46	8	1	28	2196	0	0
0.458	1	2	46	9	2	28	2196	0	0
0.459	1	1	46	10	1	28	2196	0	0
0.46	1	2	47	1	2	28	2196	0	0
0.461	1	1	47	2	1	28	2196	0	0
0.462	1	2	47	3	2	28	2196	0	0
0.463	1	1	47	4	1	28	2196	0	0
0.464	1	2	47	5	2	28	2196	0	0
0.465	1	1	47	6	1	28	2196	0	0
0.466	1	2	47	7	2	28	2196	0	0
0.467	1	1	47	8	1	28	2196	0	0
0.468	1	2	47	9	2	28	2196	0	0
0.469	1	1	47	10	1	28	2196	0	0
0.47	1	2	48	1	2	28	2196	0	0
0.471	1	1	48	2	1	28	2196	0	0
0.472	1	2	48	3	2	28	2196	0	0
0.473	1	1	48	4	1	28	2196	0	0
0.474	1	2	48	5	2	28	2196	0	0
0.475	1	1	48	6	1	28	2196	0	0
0.476	1	2	48	7	2	28	2196	0	0
0.477	1	1	48	8	1	28	2196	0	0
0.478	1	2	48	9	2	28	2196	0	0
0.479	1	1	48	10	1	28	2196	0	0
0.48	1	2	49	1	2	28	2196	0	0
0.481	1	1	49	2	1	28	2196	0	0
0.482	1	2	49	3	2	28	2196	0	0
0.483	1	1	49	4	1	28	2196	0	0
0.484	1	2	49	5	2	28	2196	0	0
0.485	1	1	49	6	1	28	2196	0	0
0.486	1	2	49	7	2	28	2196	0	0
0.487	1	1	49	8	1	28	2196	0	0
0.488	1	2	49	9	2	28	2196	0	0
0.489	1	1	49	10	1	28	2196	0	0
0.49	1	2	50	1	2	28	2196	0	0
0.491	1	1	50	2	1	28	2196	0	0
0.492	1	2	50	3	2	28	2196	0	0
0.493	1	1	50	4	1	28	2196	0	0
0.494	1	2	50	5	2	28	2196	0	0
0.495	1	1	50	6	1	28	2196	0	0
0.496	1	2	50	7	2	28	2196	0	0
0.497	1	1	50	8	1	28	2196	0	0
0.498	1	2	50	9	2	28	2196	0	0
0.499	1	1	50	10	1	28	2196	0	0
0.5	1	2	51	1	2	28	2196	0	0
0.501	1	1	51	2	1	28	2196	0	0
0.502	1	2	51	3	2	28	2196	0	0
0.503	1	1	51	4	1	28	2196	0	0
0.504	1	2	51	5	2	28	2196	0	0
0.505	1	1	51	6	1	28	2196	0	0
0.506	1	2	51	7	2	28	2196	0	0
0.507	1	1	51	8	1	28	2196	0	0
0.508	1	2	51	9	2	28	2196	0	0
0.509	1	1	51	10	1	28	2196	0	0
0.51	1	2	52	1	2	28	2196	0	0
0.511	1	1	52	2	1	28	2196	0	0
0.512	1	2	52	3	2	28	2196	0	0
0.513	1	1	52	4	1	28	2196	0	0
0.514	1	2	52	5	2	28	2196	0	0
0.515	1	1	52	6	1	28	2196	0	0
0.516	1	2	52	7	2	28	2196	0	0
0.517	1	1	52	8	1	28	2196	0	0
0.518	1	2	52	9	2	28	2196	0	0
0.519	1	1	52	10	1	28	2196	0	0
0.52	1	2	53	1	2	28	2196	0	0
0.521	1	1	53	2	1	28	2196	0	0
0.522	1	2	53	3	2	28	2196	0	0
0.523	1	1	53	4	1	28	2196	0	0
0.524	1	2	53	5	2	28	2196	0	0
0.525	1	1	53	6	1	28	2196	0	0
0.526	1	2	53	7	2	28	2196	0	0
0.527	1	1	53	8	1	28	2196	0	0
0.528	1	2	53	9	2	28	2196	0	0
0.529	1	1	53	10	1	28	2196	0	0
0.53	1	2	54	1	2	28	2196	0	0
0.531	1	1	54	2	1	28	2196	0	0
0.532	1	2	54	3	2	28	2196	0	0
0.533	1	1	54	4	1	28	2196	0	0
0.534	1	2	54	5	2	28	2196	0	0
0.535	1	1	54	6	1	28	2196	0	0
0.536	1	2	54	7	2	28	2196	0	0
0.537	1	1	54	8	1	28	2196	0	0
0.538	1	2	54	9	2	28	2196	0	0
0.539	1	1	54	10	1	28	2196	0	0
0.54	1	2	55	1	2	28	2196	0	0
0.541	1	1	55	2	1	28	2196	0	0
0.542	1	2	55	3	2	28	2196	0	0
0.543	1	1	55	4	1	28	2196	0	0
0.544	1	2	55	5	2	28	2196	0	0
0.545	1	1	55	6	1	28	2196	0	0
0.546	1	2	55	7	2	28	2196	0	0
0.547	1	1	55	8	1	28	2196	0	0
0.548	1	2	55	9	2	28	2196	0	0
0.549	1	1	55	10	1	28	2196	0	0
0.55	1	2	56	1	2	28	2196	0	0
0.551	1	1	56	2	1	28	2196	0	0
0.552	1	2	56	3	2	28	2196	0	0
0.553	1	1	56	4	1	28	2196	0	0
0.554	1	2	56	5	2	28	2196	0	0
0.555	1	1	56	6	1	28	2196	0	0
0.556	1	2	56	7	2	28	2196	0	0
0.557	1	1	56	8	1	28	2196	0	0
0.558	1	2	56	9	2	28	2196	0	0
0.559	1	1	56	10	1	28	2196	0	0
0.56	1	2	57	1	2	28	2196	0	0
0.561	1	1	57	2	1	28	2196	0	0
0.562	1	2	57	3	2	28	2196	0	0
0.563	1	1	57	4	1	28	2196	0	0
0.564	1	2	57	5	2	28	2196	0	0
0.565	1	1	57	6	1	28	2196	0	0
0.566	1	2	57	7	2	28	2196	0	0
0.567	1	1	57	8	1	28	2196	0	0
0.568	1	2	57	9	2	28	2196	0	0
0.569	1	1	57	10	1	28	2196	0	0
0.57	1	2	58	1	2	28	2196	0	0
0.571	1	1	58	2	1	28	2196	0	0
0.572	1	2	58	3	2	28	2196	0	0
0.573	1	1	58	4	1	28	2196	0	0
0.574	1	2	58	5	2	28	2196	0	0
0.575	1	1	58	6	1	28	2196	0	0
0.576	1	2	58	7	2	28	2196	0	0
0.577	1	1	58	8	1	28	2196	0	0
0.578	1	2	58	9	2	28	2196	0	0
0.579	1	1	58	10	1	28	2196	0	0
0.58	1	2	59	1	2	28	2196	0	0
0.581	1	1	59	2	1	28	2196	0	0
0.582	1	2	59	3	2	28	2196	0	0
0.583	1	1	59	4	1	28	2196	0	0
0.584	1	2	59	5	2	28	2196	0	0
0.585	1	1	59	6	1	28	2196	0	0
0.586	1	2	59	7	2	28	2196	0	0
0.587	1	1	59	8	1	28	2196	0	0
0.588	1	2	59	9	2	28	2196	0	0
0.589	1	1	59	10	1	28	2196	0	0
0.59	1	2	60	1	2	28	2196	0	0
0.591	1	1	60	2	1	28	2196	0	0
0.592	1	2	60	3	2	28	2196	0	0
0.593	1	1	60	4	1	28	2196	0	0
0.594	1	2	60	5	2	28	2196	0	0
0.595	1	1	60	6	1	28	2196	0	0
0.596	1	2	60	7	2	28	2196	0	0
0.597	1	1	60	8	1	28	2196	0	0
0.598	1	2	60	9	2	28	2196	0	0
0.599	1	1	60	10	1	28	2196	0	0
0.6	1	2	61	1	2	28	2196	0	0
0.601	1	1	61	2	1	28	2196	0	0
0.602	1	2	61	3	2	28	2196	0	0
0.603	1	1	61	4	1	28	2196	0	0
0.604	1	2	61	5	2	28	2196	0	0
0.605	1	1	61	6	1	28	2196	0	0
0.606	1	2	61	7	2	28	2196	0	0
0.607	1	1	61	8	1	28	2196	0	0
0.608	1	2	61	9	2	28	2196	0	0
0.609	1	1	61	10	1	28	2196	0	0
0.61	1	2	62	1	2	28	2196	0	0
0.611	1	1	62	2	1	28	2196	0	0
0.612	1	2	62	3	2	28	2196	0	0
0.613	1	1	62	4	1	28	2196	0	0
0.614	1	2	62	5	2	28	2196	0	0
0.615	1	1	62	6	1	28	2196	0	0
0.616	1	2	62	7	2	28	2196	0	0
0.617	1	1	62	8	1	28	2196	0	0
0.618	1	2	62	9	2	28	2196	0	0
0.619	1	1	62	10	1	28	2196	0	0
0.62	1	2	63	1	2	28	2196	0	0
0.621	1	1	63	2	1	28	2196	0	0
0.622	1	2	63	3	2	28	2196	0	0
0.623	1	1	63	4	1	28	2196	0	0
0.624	1	2	63	5	2	28	2196	0	0
0.625	1	1	63	6	1	28	2196	0	0
0.626	1	2	63	7	2	28	2196	0	0
0.627	1	1	63	8	1	28	2196	0	0
0.628	1	2	63	9	2	28	2196	0	0
0.629	1	1	63	10	1	28	2196	0	0
0.63	1	2	64	1	2	28	2196	0	0
0.631	1	1	64	2	1	28	2196	0	0
0.632	1	2	64	3	2	28	2196	0	0
0.633	1	1	64	4	1	28	2196	0	0
0.634	1	2	64	5	2	28	2196	0	0
0.635	1	1	64	6	1	28	2196	0	0
0.636	1	2	64	7	2	28	2196	0	0
0.637	1	1	64	8	1	28	2196	0	0
0.638	1	2	64	9	2	28	2196	0	0
0.639	1	1	64	10	1	28	2196	0	0
0.64	1	2	65	1	2	28	2196	0	0
0.641	1	1	65	2	1	28	2196	0	0
0.642	1	2	65	3	2	28	2196	0	0
0.643	1	1	65	4	1	28	2196	0	0
0.644	1	2	65	5	2	28	2196	0	0
0.645	1	1	65	6	1	28	2196	0	0
0.646	1	2	65	7	2	28	2196	0	0
0.647	1	1	65	8	1	28	2196	0	0
0.648	1	2	65	9	2	28	2196	0	0
0.649	1	1	65	10	1	28	2196	0	0
0.65	1	2	66	1	2	28	2196	0	0
0.651	1	1	66	2	1	28	2196	0	0
0.652	1	2	66	3	2	28	2196	0	0
0.653	1	1	66	4	1	28	2196	0	0
0.654	1	2	66	5	2	28	2196	0	0
0.655	1	1	66	6	1	28	2196	0	0
0.656	1	2	66	7	2	28	2196	0	0
0.657	1	1	66	8	1	28	2196	0	0
0.658	1	2	66	9	2	28	2196	0	0
0.659	1	1	66	10	1	28	2196	0	0
0.66	1	2	67	1	2	28	2196	0	0
0.661	1	1	67	2	1	28	2196	0	0
0.662	1	2	67	3	2	28	2196	0	0
0.663	1	1	67	4	1	28	2196	0	0
0.664	1	2	67	5	2	28	2196	0	0
0.665	1	1	67	6	1	28	2196	0	0
0.666	1	2	67	7	2	28	2196	0	0
0.667	1	1	67	8	1	28	2196	0	0
0.668	1	2	67	9	2	28	2196	0	0
0.669	1	1	67	10	1	28	2196	0	0
0.67	1	2	68	1	2	28	2196	0	0
0.671	1	1	68	2	1	28	2196	0	0
0.672	1	2	68	3	2	28	2196	0	0
0.673	1	1	68	4	1	28	2196	0	0
0.674	1	2	68	5	2	28	2196	0	0
0.675	1	1	68	6	1	28	2196	0	0
0.676	1	2	68	7	2	28	2196	0	0
0.677	1	1	68	8	1	28	2196	0	0
0.678	1	2	68	9	2	28	2196	0	0
0.679	1	1	68	10	1	28	2196	0	0
0.68	1	2	69	1	2	28	2196	0	0
0.681	1	1	69	2	1	28	2196	0	0
0.682	1	2	69	3	2	28	2196	0	0
0.683	1	1	69	4	1	28	2196	0	0
0.684	1	2	69	5	2	28	2196	0	0
0.685	1	1	69	6	1	28	2196	0	0
0.686	1	2	69	7	2	28	2196	0	0
0.687	1	1	69	8	1	28	2196	0	0
0.688	1	2	69	9	2	28	2196	0	0
0.689	1	1	69	10	1	28	2196	0	0
0.69	1	2	70	1	2	28	2196	0	0
0.691	1	1	70	2	1	28	2196	0	0
0.692	1	2	70	3	2	28	2196	0	0
0.693	1	1	70	4	1	28	2196	0	0
0.694	1	2	70	5	2	28	2196	0	0
0.695	1	1	70	6	1	28	2196	0	0
0.696	1	2	70	7	2	28	2196	0	0
0.697	1	1	70	8	1	28	2196	0	0
0.698	1	2	70	9	2	28	2196	0	0
0.699	1	1	70	10	1	28	2196	0	0
0.7	1	2	71	1	2	28	2196	0	0
0.701	1	1	71	2	1	28	2196	0	0
0.702	1	2	71	3	2	28	2196	0	0
0.703	1	1	71	4	1	28	2196	0	0
0.704	1	2	71	5	2	28	2196	0	0
0.705	1	1	71	6	1	28	2196	0	0
0.706	1	2	71	7	2	28	2196	0	0
0.707	1	1	71	8	1	28	2196	0	0
0.708	1	2	71	9	2	28	2196	0	0
0.709	1	1	71	10	1	28	2196	0	0
0.71	1	2	72	1	2	28	2196	0	0
0.711	1	1	72	2	1	28	2196	0	0
0.712	1	2	72	3	2	28	2196	0	0
0.713	1	1	72	4	1	28	2196	0	0
0.714	1	2	72	5	2	28	2196	0	0
0.715	1	1	72	6	1	28	2196	0	0
0.716	1	2	72	7	2	28	2196	0	0
0.717	1	1	72	8	1	28	2196	0	0
0.718	1	2	72	9	2	28	2196	0	0
0.719	1	1	72	10	1	28	2196	0	0
0.72	1	2	73	1	2	28	2196	0	0
0.721	1	1	73	2	1	28	2196	0	0
0.722	1	2	73	3	2	28	2196	0	0
0.723	1	1	73	4	1	28	2196	0	0
0.724	1	2	73	5	2	28	2196	0	0
0.725	1	1	73	6	1	28	2196	0	0
0.726	1	2	73	7	2	28	2196	0	0
0.727	1	1	73	8	1	28	2196	0	0
0.728	1	2	73	9	2	28	2196	0	0
0.729	1	1	73	10	1	28	2196	0	0
0.73	1	2	74	1	2	28	2196	0	0
0.731	1	1	74	2	1	28	2196	0	0
0.732	1	2	74	3	2	28	2196	0	0
0.733	1	1	74	4	1	28	2196	0	0
0.734	1	2	74	5	2	28	2196	0	0
0.735	1	1	74	6	1	28	2196	0	0
0.736	1	2	74	7	2	28	2196	0	0
0.737	1	1	74	8	1	28	2196	0	0
0.738	1	2	74	9	2	28	2196	0	0
0.739	1	1	74	10	1	28	2196	0	0
0.74	1	2	75	1	2	28	2196	0	0
0.741	1	1	75	2	1	28	2196	0	0
0.742	1	2	75	3	2	28	2196	0	0
0.743	1	1	75	4	1	28	2196	0	0
0.744	1	2	75	5	2	28	2196	0	0
0.745	1	1	75	6	1	28	2196	0	0
0.746	1	2	75	7	2	28	2196	0	0
0.747	1	1	75	8	1	28	2196	0	0
0.748	1	2	75	9	2	28	2196	0	0
0.749	1	1	75	10	1	28	2196	0	0
0.75	1	2	76	1	2	28	2196	0	0
0.751	1	1	76	2	1	28	2196	0	0
0.752	1	2	76	3	2	28	2196	0	0
0.753	1	1	76	4	1	28	2196	0	0
0.754	1	2	76	5	2	28	2196	0	0
0.755	1	1	76	6	1	28	2196	0	0
0.756	1	2	76	7	2	28	2196	0	0
0.757	1	1	76	8	1	28	2196	0	0
0.758	1	2	76	9	2	28	2196	0	0
0.759	1	1	76	10	1	28	2196	0	0
0.76	1	2	77	1	2	28	2196	0	0
0.761	1	1	77	2	1	28	2196	0	0
0.762	1	2	77	3	2	28	2196	0	0
0.763	1	1	77	4	1	28	2196	0	0
0.764	1	2	77	5	2	28	2196	0	0
0.765	1	1	77	6	1	28	2196	0	0
0.766	1	2	77	7	2	28	2196	0	0
0.767	1	1	77	8	1	28	2196	0	0
0.768	1	2	77	9	2	28	2196	0	0
0.769	1	1	77	10	1	28	2196	0	0
0.77	1	2	78	1	2	28	2196	0	0
0.771	1	1	78	2	1	28	2196	0	0
0.772	1	2	78	3	2	28	2196	0	0
0.773	1	1	78	4	1	28	2196	0	0
0.774	1	2	78	5	2	28	2196	0	0
0.775	1	1	78	6	1	28	2196	0	0
0.776	1	2	78	7	2	28	2196	0	0
0.777	1	1	78	8	1	28	2196	0	0
0.778	1	2	78	9	2	28	2196	0	0
0.779	1	1	78	10	1	28	2196	0	0
0.78	1	2	79	1	2	28	2196	0	0
0.781	1	1	79	2	1	28	2196	0	0
0.782	1	2	79	3	2	28	2196	0	0
0.783	1	1	79	4	1	28	2196	0	0
0.784	1	2	79	5	2	28	2196	0	0
0.785	1	1	79	6	1	28	2196	0	0
0.786	1	2	79	7	2	28	2196	0	0
0.787	1	1	79	8	1	28	2196	0	0
0.788	1	2	79	9	2	28	2196	0	0
0.789	1	1	79	10	1	28	2196	0	0
0.79	1	2	80	1	2	28	2196	0	0
0.791	1	1	80	2	1	28	2196	0	0
0.792	1	2	80	3	2	28	2196	0	0
0.793	1	1	80	4	1	28	2196	0	0
0.794	1	2	80	5	2	28	2196	0	0
0.795	1	1	80	6	1	28	2196	0	0
0.796	1	2	80	7	2	28	2196	0	0
0.797	1	1	80	8	1	28	2196	0	0
0.798	1	2	80	9	2	28	2196	0	0
0.799	1	1	80	10	1	28	2196	0	0
0.8	1	2	81	1	2	28	2196	0	0
0.801	1	1	81	2	1	28	2196	0	0
0.802	1	2	81	3	2	28	2196	0	0
0.803	1	1	81	4	1	28	2196	0	0
0.804	1	2	81	5	2	28	2196	0	0
0.805	1	1	81	6	1	28	2196	0	0
0.806	1	2	81	7	2	28	2196	0	0
0.807	1	1	81	8	1	28	2196	0	0
0.808	1	2	81	9	2	28	2196	0	0
0.809	1	1	81	10	1	28	2196	0	0
0.81	1	2	82	1	2	28	2196	0	0
0.811	1	1	82	2	1	28	2196	0	0
0.812	1	2	82	3	2	28	2196	0	0
0.813	1	1	82	4	1	28	2196	0	0
0.814	1	2	82	5	2	28	2196	0	0
0.815	1	1	82	6	1	28	2196	0	0
0.816	1	2	82	7	2	28	2196	0	0
0.817	1	1	82	8	1	28	2196	0	0
0.818	1	2	82	9	2	28	2196	0	0
0.819	1	1	82	10	1	28	2196	0	0
0.82	1	2	83	1	2	28	2196	0	0
0.821	1	1	83	2	1	28	2196	0	0
0.822	1	2	83	3	2	28	2196	0	0
0.823	1	1	83	4	1	28	2196	0	0
0.824	1	2	83	5	2	28	2196	0	0
0.825	1	1	83	6	1	28	2196	0	0
0.826	1	2	83	7	2	28	2196	0	0
0.827	1	1	83	8	1	28	2196	0	0
0.828	1	2	83	9	2	28	2196	0	0
0.829	1	1	83	10	1	28	2196	0	0
0.83	1	2	84	1	2	28	2196	0	0
0.831	1	1	84	2	1	28	2196	0	0
0.832	1	2	84	3	2	28	2196	0	0
0.833	1	1	84	4	1	28	2196	0	0
0.834	1	2	84	5	2	28	2196	0	0
0.835	1	1	84	6	1	28	2196	0	0
0.836	1	2	84	7	2	28	2196	0	0
0.837	1	1	84	8	1	28	2196	0	0
0.838	1	2	84	9	2	28	2196	0	0
0.839	1	1	84	10	1	28	2196	0	0
0.84	1	2	85	1	2	28	2196	0	0
0.841	1	1	85	2	1	28	2196	0	0
0.842	1	2	85	3	2	28	2196	0	0
0.843	1	1	85	4	1	28	2196	0	0
0.844	1	2	85	5	2	28	2196	0	0
0.845	1	1	85	6	1	28	2196	0	0
0.846	1	2	85	7	2	28	2196	0	0
0.847	1	1	85	8	1	28	2196	0	0
0.848	1	2	85	9	2	28	2196	0	0
0.849	1	1	85	10	1	28	2196	0	0
0.85	1	2	86	1	2	28	2196	0	0
0.851	1	1	86	2	1	28	2196	0	0
0.852	1	2	86	3	2	28	2196	0	0
0.853	1	1	86	4	1	28	2196	0	0
0.854	1	2	86	5	2	28	2196	0	0
0.855	1	1	86	6	1	28	2196	0	0
0.856	1	2	86	7	2	28	2196	0	0
0.857	1	1	86	8	1	28	2196	0	0
0.858	1	2	86	9	2	28	2196	0	0
0.859	1	1	86	10	1	28	2196	0	0
0.86	1	2	87	1	2	28	2196	0	0
0.861	1	1	87	2	1	28	2196	0	0
0.862	1	2	87	3	2	28	2196	0	0
0.863	1	1	87	4	1	28	2196	0	0
0.864	1	2	87	5	2	28	2196	0	0
0.865	1	1	87	6	1	28	2196	0	0
0.866	1	2	87	7	2	28	2196	0	0
0.867	1	1	87	8	1	28	2196	0	0
0.868	1	2	87	9	2	28	2196	0	0
0.869	1	1	87	10	1	28	2196	0	0
0.87	1	2	88	1	2	28	2196	0	0
0.871	1	1	88	2	1	28	2196	0	0
0.872	1	2	88	3	2	28	2196	0	0
0.873	1	1	88	4	1	28	2196	0	0
0.874	1	2	88	5	2	28	2196	0	0
0.875	1	1	88	6	1	28	2196	0	0
0.876	1	2	88	7	2	28	2196	0	0
0.877	1	1	88	8	1	28	2196	0	0
0.878	1	2	88	9	2	28	2196	0	0
0.879	1	1	88	10	1	28	2196	0	0
0.88	1	2	89	1	2	28	2196	0	0
0.881	1	1	89	2	1	28	2196	0	0
0.882	1	2	89	3	2	28	2196	0	0
0.883	1	1	89	4	1	28	2196	0	0
0.884	1	2	89	5	2	28	2196	0	0
0.885	1	1	89	6	1	28	2196	0	0
0.886	1	2	89	7	2	28	2196	0	0
0.887	1	1	89	8	1	28	2196	0	0
0.888	1	2	89	9	2	28	2196	0	0
0.889	1	1	89	10	1	28	2196	0	0
0.89	1	2	90	1	2	28	2196	0	0
0.891	1	1	90	2	1	28	2196	0	0
0.892	1	2	90	3	2	28	2196	0	0
0.893	1	1	90	4	1	28	2196	0	0
0.894	1	2	90	5	2	28	2196	0	0
0.895	1	1	90	6	1	28	2196	0	0
0.896	1	2	90	7	2	28	2196	0	0
0.897	1	1	90	8	1	28	2196	0	0
0.898	1	2	90	9	2	28	2196	0	0
0.899	1	1	90	10	1	28	2196	0	0
0.9	1	2	91	1	2	28	2196	0	0
0.901	1	1	91	2	1	28	2196	0	0
0.902	1	2	91	3	2	28	2196	0	0
0.903	1	1	91	4	1	28	2196	0	0
0.904	1	2	91	5	2	28	2196	0	0
0.905	1	1	91	6	1	28	2196	0	0
0.906	1	2	91	7	2	28	2196	0	0
0.907	1	1	91	8	1	28	2196	0	0
0.908	1	2	91	9	2	28	2196	0	0
0.909	1	1	91	10	1	28	2196	0	0
0.91	1	2	92	1	2	28	2196	0	0
0.911	1	1	92	2	1	28	2196	0	0
0.912	1	2	92	3	2	28	2196	0	0
0.913	1	1	92	4	1	28	2196	0	0
0.914	1	2	92	5	2	28	2196	0	0
0.915	1	1	92	6	1	28	2196	0	0
0.916	1	2	92	7	2	28	2196	0	0
0.917	1	1	92	8	1	28	2196	0	0
0.918	1	2	92	9	2	28	2196	0	0
0.919	1	1	92	10	1	28	2196	0	0
0.92	1	2	93	1	2	28	2196	0	0
0.921	1	1	93	2	1	28	2196	0	0
0.922	1	2	93	3	2	28	2196	0	0
0.923	1	1	93	4	1	28	2196	0	0
0.924	1	2	93	5	2	28	2196	0	0
0.925	1	1	93	6	1	28	2196	0	0
0.926	1	2	93	7	2	28	2196	0	0
0.927	1	1	93	8	1	28	2196	0	0
0.928	1	2	93	9	2	28	2196	0	0
0.929	1	1	93	10	1	28	2196	0	0
0.93	1	2	94	1	2	28	2196	0	0
0.931	1	1	94	2	1	28	2196	0	0
0.932	1	2	94	3	2	28	2196	0	0
0.933	1	1	94	4	1	28	2196	0	0
0.934	1	2	94	5	2	28	2196	0	0
0.935	1	1	94	6	1	28	2196	0	0
0.936	1	2	94	7	2	28	2196	0	0
0.937	1	1	94	8	1	28	2196	0	0
0.938	1	2	94	9	2	28	2196	0	0
0.939	1	1	94	10	1	28	2196	0	0
0.94	1	2	95	1	2	28	2196	0	0
0.941	1	1	95	2	1	28	2196	0	0
0.942	1	2	95	3	2	28	2196	0	0
0.943	1	1	95	4	1	28	2196	0	0
0.944	1	2	95	5	2	28	2196	0	0
0.945	1	1	95	6	1	28	2196	0	0
0.946	1	2	95	7	2	28	2196	0	0
0.947	1	1	95	8	1	28	2196	0	0
0.948	1	2	95	9	2	28	2196	0	0
0.949	1	1	95	10	1	28	2196	0	0
0.95	1	2	96	1	2	28	2196	0	0
0.951	1	1	96	2	1	28	2196	0	0
0.952	1	2	96	3	2	28	2196	0	0
0.953	1	1	96	4	1	28	2196	0	0
0.954	1	2	96	5	2	28	2196	0	0
0.955	1	1	96	6	1	28	2196	0	0
0.956	1	2	96	7	2	28	2196	0	0
0.957	1	1	96	8	1	28	2196	0	0
0.958	1	2	96	9	2	28	2196	0	0
0.959	1	1	96	10	1	28	2196	0	0
0.96	1	2	97	1	2	28	2196	0	0
0.961	1	1	97	2	1	28	2196	0	0
0.962	1	2	97	3	2	28	2196	0	0
0.963	1	1	97	4	1	28	2196	0	0
0.964	1	2	97	5	2	28	2196	0	0
0.965	1	1	97	6	1	28	2196	0	0
0.966	1	2	97	7	2	28	2196	0	0
0.967	1	1	97	8	1	28	2196	0	0
0.968	1	2	97	9	2	28	2196	0	0
0.969	1	1	97	10	1	28	2196	0	0
0.97	1	2	98	1	2	28	2196	0	0
0.971	1	1	98	2	1	28	2196	0	0
0.972	1	2	98	3	2	28	2196	0	0
0.973	1	1	98	4	1	28	2196	0	0
0.974	1	2	98	5	2	28	2196	0	0
0.975	1	1	98	6	1	28	2196	0	0
0.976	1	2	98	7	2	28	2196	0	0
0.977	1	1	98	8	1	28	2196	0	0
0.978	1	2	98	9	2	28	2196	0	0
0.979	1	1	98	10	1	28	2196	0	0
0.98	1	2	99	1	2	28	2196	0	0
0.981	1	1	99	2	1	28	2196	0	0
0.982	1	2	99	3	2	28	2196	0	0
0.983	1	1	99	4	1	28	2196	0	0
0.984	1	2	99	5	2	28	2196	0	0
0.985	1	1	99	6	1	28	2196	0	0
0.986	1	2	99	7	2	28	2196	0	0
0.987	1	1	99	8	1	28	2196	0	0
0.988	1	2	99	9	2	28	2196	0	0
0.989	1	1	99	10	1	28	2196	0	0
0.99	1	2	100	1	2	28	2196	0	0
0.991	1	1	100	2	1	28	2196	0	0
0.992	1	2	100	3	2	28	2196	0	0
0.993	1	1	100	4	1	28	2196	0	0
0.994	1	2	100	5	2	28	2196	0	0
0.995	1	1	100	6	1	28	2196	0	0
0.996	1	2	100	7	2	28	2196	0	0
0.997	1	1	100	8	1	28	2196	0	0
0.998	1	2	100	9	2	28	2196	0	0
0.999	1	1	100	10	1	28	2196	0	0
