% time	cellId	IMSI	frame	sframe	RNTI	mcs	size
0.026	1	1	3	7	1	0	41
0.026	1	2	3	7	2	0	41
0.027	1	1	3	8	1	0	41
0.027	1	2	3	8	2	0	41
0.028	1	1	3	9	1	0	41
0.028	1	2	3	9	2	0	41
0.029	1	1	3	10	1	0	41
0.029	1	2	3	10	2	0	41
0.03	1	1	4	1	1	0	41
0.03	1	2	4	1	2	0	41
0.031	1	1	4	2	1	0	41
0.031	1	2	4	2	2	0	41
0.032	1	1	4	3	1	0	41
0.032	1	2	4	3	2	0	41
0.033	1	1	4	4	1	28	1095
0.033	1	2	4	4	2	28	1095
0.034	1	1	4	5	1	28	1095
0.034	1	2	4	5	2	28	1095
0.035	1	1	4	6	1	28	1095
0.035	1	2	4	6	2	28	1095
0.036	1	1	4	7	1	28	1095
0.036	1	2	4	7	2	28	1095
0.037	1	1	4	8	1	28	1095
0.037	1	2	4	8	2	28	1095
0.038	1	1	4	9	1	28	1095
0.038	1	2	4	9	2	28	1095
0.039	1	1	4	10	1	28	1095
0.039	1	2	4	10	2	28	1095
0.04	1	1	5	1	1	28	1095
0.04	1	2	5	1	2	28	1095
0.041	1	1	5	2	1	28	1095
0.041	1	2	5	2	2	28	1095
0.042	1	1	5	3	1	28	1095
0.042	1	2	5	3	2	28	1095
0.043	1	1	5	4	1	28	1095
0.043	1	2	5	4	2	28	1095
0.044	1	1	5	5	1	28	1095
0.044	1	2	5	5	2	28	1095
0.045	1	1	5	6	1	28	1095
0.045	1	2	5	6	2	28	1095
0.046	1	1	5	7	1	28	1095
0.046	1	2	5	7	2	28	1095
0.047	1	1	5	8	1	28	1095
0.047	1	2	5	8	2	28	1095
0.048	1	1	5	9	1	28	1095
0.048	1	2	5	9	2	28	1095
0.049	1	1	5	10	1	28	1095
0.049	1	2	5	10	2	28	1095
0.05	1	1	6	1	1	28	1095
0.05	1	2	6	1	2	28	1095
0.051	1	1	6	2	1	28	1095
0.051	1	2	6	2	2	28	1095
0.052	1	1	6	3	1	28	1095
0.052	1	2	6	3	2	28	1095
0.053	1	1	6	4	1	28	1095
0.053	1	2	6	4	2	28	1095
0.054	1	1	6	5	1	28	1095
0.054	1	2	6	5	2	28	1095
0.055	1	1	6	6	1	28	1095
0.055	1	2	6	6	2	28	1095
0.056	1	1	6	7	1	28	1095
0.056	1	2	6	7	2	28	1095
0.057	1	1	6	8	1	28	1095
0.057	1	2	6	8	2	28	1095
0.058	1	1	6	9	1	28	1095
0.058	1	2	6	9	2	28	1095
0.059	1	1	6	10	1	28	1095
0.059	1	2	6	10	2	28	1095
0.06	1	1	7	1	1	28	1095
0.06	1	2	7	1	2	28	1095
0.061	1	1	7	2	1	28	1095
0.061	1	2	7	2	2	28	1095
0.062	1	1	7	3	1	28	1095
0.062	1	2	7	3	2	28	1095
0.063	1	1	7	4	1	28	1095
0.063	1	2	7	4	2	28	1095
0.064	1	1	7	5	1	28	1095
0.064	1	2	7	5	2	28	1095
0.065	1	1	7	6	1	28	1095
0.065	1	2	7	6	2	28	1095
0.066	1	1	7	7	1	28	1095
0.066	1	2	7	7	2	28	1095
0.067	1	1	7	8	1	28	1095
0.067	1	2	7	8	2	28	1095
0.068	1	1	7	9	1	28	1095
0.068	1	2	7	9	2	28	1095
0.069	1	1	7	10	1	28	1095
0.069	1	2	7	10	2	28	1095
0.07	1	1	8	1	1	28	1095
0.07	1	2	8	1	2	28	1095
0.071	1	1	8	2	1	28	1095
0.071	1	2	8	2	2	28	1095
0.072	1	1	8	3	1	28	1095
0.072	1	2	8	3	2	28	1095
0.073	1	1	8	4	1	28	1095
0.073	1	2	8	4	2	28	1095
0.074	1	1	8	5	1	28	1095
0.074	1	2	8	5	2	28	1095
0.075	1	1	8	6	1	28	1095
0.075	1	2	8	6	2	28	1095
0.076	1	1	8	7	1	28	1095
0.076	1	2	8	7	2	28	1095
0.077	1	1	8	8	1	28	1095
0.077	1	2	8	8	2	28	1095
0.078	1	1	8	9	1	28	1095
0.078	1	2	8	9	2	28	1095
0.079	1	1	8	10	1	28	1095
0.079	1	2	8	10	2	28	1095
0.08	1	1	9	1	1	28	1095
0.08	1	2	9	1	2	28	1095
0.081	1	1	9	2	1	28	1095
0.081	1	2	9	2	2	28	1095
0.082	1	1	9	3	1	28	1095
0.082	1	2	9	3	2	28	1095
0.083	1	1	9	4	1	28	1095
0.083	1	2	9	4	2	28	1095
0.084	1	1	9	5	1	28	1095
0.084	1	2	9	5	2	28	1095
0.085	1	1	9	6	1	28	1095
0.085	1	2	9	6	2	28	1095
0.086	1	1	9	7	1	28	1095
0.086	1	2	9	7	2	28	1095
0.087	1	1	9	8	1	28	1095
0.087	1	2	9	8	2	28	1095
0.088	1	1	9	9	1	28	1095
0.088	1	2	9	9	2	28	1095
0.089	1	1	9	10	1	28	1095
0.089	1	2	9	10	2	28	1095
0.09	1	1	10	1	1	28	1095
0.09	1	2	10	1	2	28	1095
0.091	1	1	10	2	1	28	1095
0.091	1	2	10	2	2	28	1095
0.092	1	1	10	3	1	28	1095
0.092	1	2	10	3	2	28	1095
0.093	1	1	10	4	1	28	1095
0.093	1	2	10	4	2	28	1095
0.094	1	1	10	5	1	28	1095
0.094	1	2	10	5	2	28	1095
0.095	1	1	10	6	1	28	1095
0.095	1	2	10	6	2	28	1095
0.096	1	1	10	7	1	28	1095
0.096	1	2	10	7	2	28	1095
0.097	1	1	10	8	1	28	1095
0.097	1	2	10	8	2	28	1095
0.098	1	1	10	9	1	28	1095
0.098	1	2	10	9	2	28	1095
0.099	1	1	10	10	1	28	1095
0.099	1	2	10	10	2	28	1095
0.1	1	1	11	1	1	28	1095
0.1	1	2	11	1	2	28	1095
0.101	1	1	11	2	1	28	1095
0.101	1	2	11	2	2	28	1095
0.102	1	1	11	3	1	28	1095
0.102	1	2	11	3	2	28	1095
0.103	1	1	11	4	1	28	1095
0.103	1	2	11	4	2	28	1095
0.104	1	1	11	5	1	28	1095
0.104	1	2	11	5	2	28	1095
0.105	1	1	11	6	1	28	1095
0.105	1	2	11	6	2	28	1095
0.106	1	1	11	7	1	28	1095
0.106	1	2	11	7	2	28	1095
0.107	1	1	11	8	1	28	1095
0.107	1	2	11	8	2	28	1095
0.108	1	1	11	9	1	28	1095
0.108	1	2	11	9	2	28	1095
0.109	1	1	11	10	1	28	1095
0.109	1	2	11	10	2	28	1095
0.11	1	1	12	1	1	28	1095
0.11	1	2	12	1	2	28	1095
0.111	1	1	12	2	1	28	1095
0.111	1	2	12	2	2	28	1095
0.112	1	1	12	3	1	28	1095
0.112	1	2	12	3	2	28	1095
0.113	1	1	12	4	1	28	1095
0.113	1	2	12	4	2	28	1095
0.114	1	1	12	5	1	28	1095
0.114	1	2	12	5	2	28	1095
0.115	1	1	12	6	1	28	1095
0.115	1	2	12	6	2	28	1095
0.116	1	1	12	7	1	28	1095
0.116	1	2	12	7	2	28	1095
0.117	1	1	12	8	1	28	1095
0.117	1	2	12	8	2	28	1095
0.118	1	1	12	9	1	28	1095
0.118	1	2	12	9	2	28	1095
0.119	1	1	12	10	1	28	1095
0.119	1	2	12	10	2	28	1095
0.12	1	1	13	1	1	28	1095
0.12	1	2	13	1	2	28	1095
0.121	1	1	13	2	1	28	1095
0.121	1	2	13	2	2	28	1095
0.122	1	1	13	3	1	28	1095
0.122	1	2	13	3	2	28	1095
0.123	1	1	13	4	1	28	1095
0.123	1	2	13	4	2	28	1095
0.124	1	1	13	5	1	28	1095
0.124	1	2	13	5	2	28	1095
0.125	1	1	13	6	1	28	1095
0.125	1	2	13	6	2	28	1095
0.126	1	1	13	7	1	28	1095
0.126	1	2	13	7	2	28	1095
0.127	1	1	13	8	1	28	1095
0.127	1	2	13	8	2	28	1095
0.128	1	1	13	9	1	28	1095
0.128	1	2	13	9	2	28	1095
0.129	1	1	13	10	1	28	1095
0.129	1	2	13	10	2	28	1095
0.13	1	1	14	1	1	28	1095
0.13	1	2	14	1	2	28	1095
0.131	1	1	14	2	1	28	1095
0.131	1	2	14	2	2	28	1095
0.132	1	1	14	3	1	28	1095
0.132	1	2	14	3	2	28	1095
0.133	1	1	14	4	1	28	1095
0.133	1	2	14	4	2	28	1095
0.134	1	1	14	5	1	28	1095
0.134	1	2	14	5	2	28	1095
0.135	1	1	14	6	1	28	1095
0.135	1	2	14	6	2	28	1095
0.136	1	1	14	7	1	28	1095
0.136	1	2	14	7	2	28	1095
0.137	1	1	14	8	1	28	1095
0.137	1	2	14	8	2	28	1095
0.138	1	1	14	9	1	28	1095
0.138	1	2	14	9	2	28	1095
0.139	1	1	14	10	1	28	1095
0.139	1	2	14	10	2	28	1095
0.14	1	1	15	1	1	28	1095
0.14	1	2	15	1	2	28	1095
0.141	1	1	15	2	1	28	1095
0.141	1	2	15	2	2	28	1095
0.142	1	1	15	3	1	28	1095
0.142	1	2	15	3	2	28	1095
0.143	1	1	15	4	1	28	1095
0.143	1	2	15	4	2	28	1095
0.144	1	1	15	5	1	28	1095
0.144	1	2	15	5	2	28	1095
0.145	1	1	15	6	1	28	1095
0.145	1	2	15	6	2	28	1095
0.146	1	1	15	7	1	28	1095
0.146	1	2	15	7	2	28	1095
0.147	1	1	15	8	1	28	1095
0.147	1	2	15	8	2	28	1095
0.148	1	1	15	9	1	28	1095
0.148	1	2	15	9	2	28	1095
0.149	1	1	15	10	1	28	1095
0.149	1	2	15	10	2	28	1095
0.15	1	1	16	1	1	28	1095
0.15	1	2	16	1	2	28	1095
0.151	1	1	16	2	1	28	1095
0.151	1	2	16	2	2	28	1095
0.152	1	1	16	3	1	28	1095
0.152	1	2	16	3	2	28	1095
0.153	1	1	16	4	1	28	1095
0.153	1	2	16	4	2	28	1095
0.154	1	1	16	5	1	28	1095
0.154	1	2	16	5	2	28	1095
0.155	1	1	16	6	1	28	1095
0.155	1	2	16	6	2	28	1095
0.156	1	1	16	7	1	28	1095
0.156	1	2	16	7	2	28	1095
0.157	1	1	16	8	1	28	1095
0.157	1	2	16	8	2	28	1095
0.158	1	1	16	9	1	28	1095
0.158	1	2	16	9	2	28	1095
0.159	1	1	16	10	1	28	1095
0.159	1	2	16	10	2	28	1095
0.16	1	1	17	1	1	28	1095
0.16	1	2	17	1	2	28	1095
0.161	1	1	17	2	1	28	1095
0.161	1	2	17	2	2	28	1095
0.162	1	1	17	3	1	28	1095
0.162	1	2	17	3	2	28	1095
0.163	1	1	17	4	1	28	1095
0.163	1	2	17	4	2	28	1095
0.164	1	1	17	5	1	28	1095
0.164	1	2	17	5	2	28	1095
0.165	1	1	17	6	1	28	1095
0.165	1	2	17	6	2	28	1095
0.166	1	1	17	7	1	28	1095
0.166	1	2	17	7	2	28	1095
0.167	1	1	17	8	1	28	1095
0.167	1	2	17	8	2	28	1095
0.168	1	1	17	9	1	28	1095
0.168	1	2	17	9	2	28	1095
0.169	1	1	17	10	1	28	1095
0.169	1	2	17	10	2	28	1095
0.17	1	1	18	1	1	28	1095
0.17	1	2	18	1	2	28	1095
0.171	1	1	18	2	1	28	1095
0.171	1	2	18	2	2	28	1095
0.172	1	1	18	3	1	28	1095
0.172	1	2	18	3	2	28	1095
0.173	1	1	18	4	1	28	1095
0.173	1	2	18	4	2	28	1095
0.174	1	1	18	5	1	28	1095
0.174	1	2	18	5	2	28	1095
0.175	1	1	18	6	1	28	1095
0.175	1	2	18	6	2	28	1095
0.176	1	1	18	7	1	28	1095
0.176	1	2	18	7	2	28	1095
0.177	1	1	18	8	1	28	1095
0.177	1	2	18	8	2	28	1095
0.178	1	1	18	9	1	28	1095
0.178	1	2	18	9	2	28	1095
0.179	1	1	18	10	1	28	1095
0.179	1	2	18	10	2	28	1095
0.18	1	1	19	1	1	28	1095
0.18	1	2	19	1	2	28	1095
0.181	1	1	19	2	1	28	1095
0.181	1	2	19	2	2	28	1095
0.182	1	1	19	3	1	28	1095
0.182	1	2	19	3	2	28	1095
0.183	1	1	19	4	1	28	1095
0.183	1	2	19	4	2	28	1095
0.184	1	1	19	5	1	28	1095
0.184	1	2	19	5	2	28	1095
0.185	1	1	19	6	1	28	1095
0.185	1	2	19	6	2	28	1095
0.186	1	1	19	7	1	28	1095
0.186	1	2	19	7	2	28	1095
0.187	1	1	19	8	1	28	1095
0.187	1	2	19	8	2	28	1095
0.188	1	1	19	9	1	28	1095
0.188	1	2	19	9	2	28	1095
0.189	1	1	19	10	1	28	1095
0.189	1	2	19	10	2	28	1095
0.19	1	1	20	1	1	28	1095
0.19	1	2	20	1	2	28	1095
0.191	1	1	20	2	1	28	1095
0.191	1	2	20	2	2	28	1095
0.192	1	1	20	3	1	28	1095
0.192	1	2	20	3	2	28	1095
0.193	1	1	20	4	1	28	1095
0.193	1	2	20	4	2	28	1095
0.194	1	1	20	5	1	28	1095
0.194	1	2	20	5	2	28	1095
0.195	1	1	20	6	1	28	1095
0.195	1	2	20	6	2	28	1095
0.196	1	1	20	7	1	28	1095
0.196	1	2	20	7	2	28	1095
0.197	1	1	20	8	1	28	1095
0.197	1	2	20	8	2	28	1095
0.198	1	1	20	9	1	28	1095
0.198	1	2	20	9	2	28	1095
0.199	1	1	20	10	1	28	1095
0.199	1	2	20	10	2	28	1095
0.2	1	1	21	1	1	28	1095
0.2	1	2	21	1	2	28	1095
0.201	1	1	21	2	1	28	1095
0.201	1	2	21	2	2	28	1095
0.202	1	1	21	3	1	28	1095
0.202	1	2	21	3	2	28	1095
0.203	1	1	21	4	1	28	1095
0.203	1	2	21	4	2	28	1095
0.204	1	1	21	5	1	28	1095
0.204	1	2	21	5	2	28	1095
0.205	1	1	21	6	1	28	1095
0.205	1	2	21	6	2	28	1095
0.206	1	1	21	7	1	28	1095
0.206	1	2	21	7	2	28	1095
0.207	1	1	21	8	1	28	1095
0.207	1	2	21	8	2	28	1095
0.208	1	1	21	9	1	28	1095
0.208	1	2	21	9	2	28	1095
0.209	1	1	21	10	1	28	1095
0.209	1	2	21	10	2	28	1095
0.21	1	1	22	1	1	28	1095
0.21	1	2	22	1	2	28	1095
0.211	1	1	22	2	1	28	1095
0.211	1	2	22	2	2	28	1095
0.212	1	1	22	3	1	28	1095
0.212	1	2	22	3	2	28	1095
0.213	1	1	22	4	1	28	1095
0.213	1	2	22	4	2	28	1095
0.214	1	1	22	5	1	28	1095
0.214	1	2	22	5	2	28	1095
0.215	1	1	22	6	1	28	1095
0.215	1	2	22	6	2	28	1095
0.216	1	1	22	7	1	28	1095
0.216	1	2	22	7	2	28	1095
0.217	1	1	22	8	1	28	1095
0.217	1	2	22	8	2	28	1095
0.218	1	1	22	9	1	28	1095
0.218	1	2	22	9	2	28	1095
0.219	1	1	22	10	1	28	1095
0.219	1	2	22	10	2	28	1095
0.22	1	1	23	1	1	28	1095
0.22	1	2	23	1	2	28	1095
0.221	1	1	23	2	1	28	1095
0.221	1	2	23	2	2	28	1095
0.222	1	1	23	3	1	28	1095
0.222	1	2	23	3	2	28	1095
0.223	1	1	23	4	1	28	1095
0.223	1	2	23	4	2	28	1095
0.224	1	1	23	5	1	28	1095
0.224	1	2	23	5	2	28	1095
0.225	1	1	23	6	1	28	1095
0.225	1	2	23	6	2	28	1095
0.226	1	1	23	7	1	28	1095
0.226	1	2	23	7	2	28	1095
0.227	1	1	23	8	1	28	1095
0.227	1	2	23	8	2	28	1095
0.228	1	1	23	9	1	28	1095
0.228	1	2	23	9	2	28	1095
0.229	1	1	23	10	1	28	1095
0.229	1	2	23	10	2	28	1095
0.23	1	1	24	1	1	28	1095
0.23	1	2	24	1	2	28	1095
0.231	1	1	24	2	1	28	1095
0.231	1	2	24	2	2	28	1095
0.232	1	1	24	3	1	28	1095
0.232	1	2	24	3	2	28	1095
0.233	1	1	24	4	1	28	1095
0.233	1	2	24	4	2	28	1095
0.234	1	1	24	5	1	28	1095
0.234	1	2	24	5	2	28	1095
0.235	1	1	24	6	1	28	1095
0.235	1	2	24	6	2	28	1095
0.236	1	1	24	7	1	28	1095
0.236	1	2	24	7	2	28	1095
0.237	1	1	24	8	1	28	1095
0.237	1	2	24	8	2	28	1095
0.238	1	1	24	9	1	28	1095
0.238	1	2	24	9	2	28	1095
0.239	1	1	24	10	1	28	1095
0.239	1	2	24	10	2	28	1095
0.24	1	1	25	1	1	28	1095
0.24	1	2	25	1	2	28	1095
0.241	1	1	25	2	1	28	1095
0.241	1	2	25	2	2	28	1095
0.242	1	1	25	3	1	28	1095
0.242	1	2	25	3	2	28	1095
0.243	1	1	25	4	1	28	1095
0.243	1	2	25	4	2	28	1095
0.244	1	1	25	5	1	28	1095
0.244	1	2	25	5	2	28	1095
0.245	1	1	25	6	1	28	1095
0.245	1	2	25	6	2	28	1095
0.246	1	1	25	7	1	28	1095
0.246	1	2	25	7	2	28	1095
0.247	1	1	25	8	1	28	1095
0.247	1	2	25	8	2	28	1095
0.248	1	1	25	9	1	28	1095
0.248	1	2	25	9	2	28	1095
0.249	1	1	25	10	1	28	1095
0.249	1	2	25	10	2	28	1095
0.25	1	1	26	1	1	28	1095
0.25	1	2	26	1	2	28	1095
0.251	1	1	26	2	1	28	1095
0.251	1	2	26	2	2	28	1095
0.252	1	1	26	3	1	28	1095
0.252	1	2	26	3	2	28	1095
0.253	1	1	26	4	1	28	1095
0.253	1	2	26	4	2	28	1095
0.254	1	1	26	5	1	28	1095
0.254	1	2	26	5	2	28	1095
0.255	1	1	26	6	1	28	1095
0.255	1	2	26	6	2	28	1095
0.256	1	1	26	7	1	28	1095
0.256	1	2	26	7	2	28	1095
0.257	1	1	26	8	1	28	1095
0.257	1	2	26	8	2	28	1095
0.258	1	1	26	9	1	28	1095
0.258	1	2	26	9	2	28	1095
0.259	1	1	26	10	1	28	1095
0.259	1	2	26	10	2	28	1095
0.26	1	1	27	1	1	28	1095
0.26	1	2	27	1	2	28	1095
0.261	1	1	27	2	1	28	1095
0.261	1	2	27	2	2	28	1095
0.262	1	1	27	3	1	28	1095
0.262	1	2	27	3	2	28	1095
0.263	1	1	27	4	1	28	1095
0.263	1	2	27	4	2	28	1095
0.264	1	1	27	5	1	28	1095
0.264	1	2	27	5	2	28	1095
0.265	1	1	27	6	1	28	1095
0.265	1	2	27	6	2	28	1095
0.266	1	1	27	7	1	28	1095
0.266	1	2	27	7	2	28	1095
0.267	1	1	27	8	1	28	1095
0.267	1	2	27	8	2	28	1095
0.268	1	1	27	9	1	28	1095
0.268	1	2	27	9	2	28	1095
0.269	1	1	27	10	1	28	1095
0.269	1	2	27	10	2	28	1095
0.27	1	1	28	1	1	28	1095
0.27	1	2	28	1	2	28	1095
0.271	1	1	28	2	1	28	1095
0.271	1	2	28	2	2	28	1095
0.272	1	1	28	3	1	28	1095
0.272	1	2	28	3	2	28	1095
0.273	1	1	28	4	1	28	1095
0.273	1	2	28	4	2	28	1095
0.274	1	1	28	5	1	28	1095
0.274	1	2	28	5	2	28	1095
0.275	1	1	28	6	1	28	1095
0.275	1	2	28	6	2	28	1095
0.276	1	1	28	7	1	28	1095
0.276	1	2	28	7	2	28	1095
0.277	1	1	28	8	1	28	1095
0.277	1	2	28	8	2	28	1095
0.278	1	1	28	9	1	28	1095
0.278	1	2	28	9	2	28	1095
0.279	1	1	28	10	1	28	1095
0.279	1	2	28	10	2	28	1095
0.28	1	1	29	1	1	28	1095
0.28	1	2	29	1	2	28	1095
0.281	1	1	29	2	1	28	1095
0.281	1	2	29	2	2	28	1095
0.282	1	1	29	3	1	28	1095
0.282	1	2	29	3	2	28	1095
0.283	1	1	29	4	1	28	1095
0.283	1	2	29	4	2	28	1095
0.284	1	1	29	5	1	28	1095
0.284	1	2	29	5	2	28	1095
0.285	1	1	29	6	1	28	1095
0.285	1	2	29	6	2	28	1095
0.286	1	1	29	7	1	28	1095
0.286	1	2	29	7	2	28	1095
0.287	1	1	29	8	1	28	1095
0.287	1	2	29	8	2	28	1095
0.288	1	1	29	9	1	28	1095
0.288	1	2	29	9	2	28	1095
0.289	1	1	29	10	1	28	1095
0.289	1	2	29	10	2	28	1095
0.29	1	1	30	1	1	28	1095
0.29	1	2	30	1	2	28	1095
0.291	1	1	30	2	1	28	1095
0.291	1	2	30	2	2	28	1095
0.292	1	1	30	3	1	28	1095
0.292	1	2	30	3	2	28	1095
0.293	1	1	30	4	1	28	1095
0.293	1	2	30	4	2	28	1095
0.294	1	1	30	5	1	28	1095
0.294	1	2	30	5	2	28	1095
0.295	1	1	30	6	1	28	1095
0.295	1	2	30	6	2	28	1095
0.296	1	1	30	7	1	28	1095
0.296	1	2	30	7	2	28	1095
0.297	1	1	30	8	1	28	1095
0.297	1	2	30	8	2	28	1095
0.298	1	1	30	9	1	28	1095
0.298	1	2	30	9	2	28	1095
0.299	1	1	30	10	1	28	1095
0.299	1	2	30	10	2	28	1095
0.3	1	1	31	1	1	28	1095
0.3	1	2	31	1	2	28	1095
0.301	1	1	31	2	1	28	1095
0.301	1	2	31	2	2	28	1095
0.302	1	1	31	3	1	28	1095
0.302	1	2	31	3	2	28	1095
0.303	1	1	31	4	1	28	1095
0.303	1	2	31	4	2	28	1095
0.304	1	1	31	5	1	28	1095
0.304	1	2	31	5	2	28	1095
0.305	1	1	31	6	1	28	1095
0.305	1	2	31	6	2	28	1095
0.306	1	1	31	7	1	28	1095
0.306	1	2	31	7	2	28	1095
0.307	1	1	31	8	1	28	1095
0.307	1	2	31	8	2	28	1095
0.308	1	1	31	9	1	28	1095
0.308	1	2	31	9	2	28	1095
0.309	1	1	31	10	1	28	1095
0.309	1	2	31	10	2	28	1095
0.31	1	1	32	1	1	28	1095
0.31	1	2	32	1	2	28	1095
0.311	1	1	32	2	1	28	1095
0.311	1	2	32	2	2	28	1095
0.312	1	1	32	3	1	28	1095
0.312	1	2	32	3	2	28	1095
0.313	1	1	32	4	1	28	1095
0.313	1	2	32	4	2	28	1095
0.314	1	1	32	5	1	28	1095
0.314	1	2	32	5	2	28	1095
0.315	1	1	32	6	1	28	1095
0.315	1	2	32	6	2	28	1095
0.316	1	1	32	7	1	28	1095
0.316	1	2	32	7	2	28	1095
0.317	1	1	32	8	1	28	1095
0.317	1	2	32	8	2	28	1095
0.318	1	1	32	9	1	28	1095
0.318	1	2	32	9	2	28	1095
0.319	1	1	32	10	1	28	1095
0.319	1	2	32	10	2	28	1095
0.32	1	1	33	1	1	28	1095
0.32	1	2	33	1	2	28	1095
0.321	1	1	33	2	1	28	1095
0.321	1	2	33	2	2	28	1095
0.322	1	1	33	3	1	28	1095
0.322	1	2	33	3	2	28	1095
0.323	1	1	33	4	1	28	1095
0.323	1	2	33	4	2	28	1095
0.324	1	1	33	5	1	28	1095
0.324	1	2	33	5	2	28	1095
0.325	1	1	33	6	1	28	1095
0.325	1	2	33	6	2	28	1095
0.326	1	1	33	7	1	28	1095
0.326	1	2	33	7	2	28	1095
0.327	1	1	33	8	1	28	1095
0.327	1	2	33	8	2	28	1095
0.328	1	1	33	9	1	28	1095
0.328	1	2	33	9	2	28	1095
0.329	1	1	33	10	1	28	1095
0.329	1	2	33	10	2	28	1095
0.33	1	1	34	1	1	28	1095
0.33	1	2	34	1	2	28	1095
0.331	1	1	34	2	1	28	1095
0.331	1	2	34	2	2	28	1095
0.332	1	1	34	3	1	28	1095
0.332	1	2	34	3	2	28	1095
0.333	1	1	34	4	1	28	1095
0.333	1	2	34	4	2	28	1095
0.334	1	1	34	5	1	28	1095
0.334	1	2	34	5	2	28	1095
0.335	1	1	34	6	1	28	1095
0.335	1	2	34	6	2	28	1095
0.336	1	1	34	7	1	28	1095
0.336	1	2	34	7	2	28	1095
0.337	1	1	34	8	1	28	1095
0.337	1	2	34	8	2	28	1095
0.338	1	1	34	9	1	28	1095
0.338	1	2	34	9	2	28	1095
0.339	1	1	34	10	1	28	1095
0.339	1	2	34	10	2	28	1095
0.34	1	1	35	1	1	28	1095
0.34	1	2	35	1	2	28	1095
0.341	1	1	35	2	1	28	1095
0.341	1	2	35	2	2	28	1095
0.342	1	1	35	3	1	28	1095
0.342	1	2	35	3	2	28	1095
0.343	1	1	35	4	1	28	1095
0.343	1	2	35	4	2	28	1095
0.344	1	1	35	5	1	28	1095
0.344	1	2	35	5	2	28	1095
0.345	1	1	35	6	1	28	1095
0.345	1	2	35	6	2	28	1095
0.346	1	1	35	7	1	28	1095
0.346	1	2	35	7	2	28	1095
0.347	1	1	35	8	1	28	1095
0.347	1	2	35	8	2	28	1095
0.348	1	1	35	9	1	28	1095
0.348	1	2	35	9	2	28	1095
0.349	1	1	35	10	1	28	1095
0.349	1	2	35	10	2	28	1095
0.35	1	1	36	1	1	28	1095
0.35	1	2	36	1	2	28	1095
0.351	1	1	36	2	1	28	1095
0.351	1	2	36	2	2	28	1095
0.352	1	1	36	3	1	28	1095
0.352	1	2	36	3	2	28	1095
0.353	1	1	36	4	1	28	1095
0.353	1	2	36	4	2	28	1095
0.354	1	1	36	5	1	28	1095
0.354	1	2	36	5	2	28	1095
0.355	1	1	36	6	1	28	1095
0.355	1	2	36	6	2	28	1095
0.356	1	1	36	7	1	28	1095
0.356	1	2	36	7	2	28	1095
0.357	1	1	36	8	1	28	1095
0.357	1	2	36	8	2	28	1095
0.358	1	1	36	9	1	28	1095
0.358	1	2	36	9	2	28	1095
0.359	1	1	36	10	1	28	1095
0.359	1	2	36	10	2	28	1095
0.36	1	1	37	1	1	28	1095
0.36	1	2	37	1	2	28	1095
0.361	1	1	37	2	1	28	1095
0.361	1	2	37	2	2	28	1095
0.362	1	1	37	3	1	28	1095
0.362	1	2	37	3	2	28	1095
0.363	1	1	37	4	1	28	1095
0.363	1	2	37	4	2	28	1095
0.364	1	1	37	5	1	28	1095
0.364	1	2	37	5	2	28	1095
0.365	1	1	37	6	1	28	1095
0.365	1	2	37	6	2	28	1095
0.366	1	1	37	7	1	28	1095
0.366	1	2	37	7	2	28	1095
0.367	1	1	37	8	1	28	1095
0.367	1	2	37	8	2	28	1095
0.368	1	1	37	9	1	28	1095
0.368	1	2	37	9	2	28	1095
0.369	1	1	37	10	1	28	1095
0.369	1	2	37	10	2	28	1095
0.37	1	1	38	1	1	28	1095
0.37	1	2	38	1	2	28	1095
0.371	1	1	38	2	1	28	1095
0.371	1	2	38	2	2	28	1095
0.372	1	1	38	3	1	28	1095
0.372	1	2	38	3	2	28	1095
0.373	1	1	38	4	1	28	1095
0.373	1	2	38	4	2	28	1095
0.374	1	1	38	5	1	28	1095
0.374	1	2	38	5	2	28	1095
0.375	1	1	38	6	1	28	1095
0.375	1	2	38	6	2	28	1095
0.376	1	1	38	7	1	28	1095
0.376	1	2	38	7	2	28	1095
0.377	1	1	38	8	1	28	1095
0.377	1	2	38	8	2	28	1095
0.378	1	1	38	9	1	28	1095
0.378	1	2	38	9	2	28	1095
0.379	1	1	38	10	1	28	1095
0.379	1	2	38	10	2	28	1095
0.38	1	1	39	1	1	28	1095
0.38	1	2	39	1	2	28	1095
0.381	1	1	39	2	1	28	1095
0.381	1	2	39	2	2	28	1095
0.382	1	1	39	3	1	28	1095
0.382	1	2	39	3	2	28	1095
0.383	1	1	39	4	1	28	1095
0.383	1	2	39	4	2	28	1095
0.384	1	1	39	5	1	28	1095
0.384	1	2	39	5	2	28	1095
0.385	1	1	39	6	1	28	1095
0.385	1	2	39	6	2	28	1095
0.386	1	1	39	7	1	28	1095
0.386	1	2	39	7	2	28	1095
0.387	1	1	39	8	1	28	1095
0.387	1	2	39	8	2	28	1095
0.388	1	1	39	9	1	28	1095
0.388	1	2	39	9	2	28	1095
0.389	1	1	39	10	1	28	1095
0.389	1	2	39	10	2	28	1095
0.39	1	1	40	1	1	28	1095
0.39	1	2	40	1	2	28	1095
0.391	1	1	40	2	1	28	1095
0.391	1	2	40	2	2	28	1095
0.392	1	1	40	3	1	28	1095
0.392	1	2	40	3	2	28	1095
0.393	1	1	40	4	1	28	1095
0.393	1	2	40	4	2	28	1095
0.394	1	1	40	5	1	28	1095
0.394	1	2	40	5	2	28	1095
0.395	1	1	40	6	1	28	1095
0.395	1	2	40	6	2	28	1095
0.396	1	1	40	7	1	28	1095
0.396	1	2	40	7	2	28	1095
0.397	1	1	40	8	1	28	1095
0.397	1	2	40	8	2	28	1095
0.398	1	1	40	9	1	28	1095
0.398	1	2	40	9	2	28	1095
0.399	1	1	40	10	1	28	1095
0.399	1	2	40	10	2	28	1095
0.4	1	1	41	1	1	28	1095
0.4	1	2	41	1	2	28	1095
0.401	1	1	41	2	1	28	1095
0.401	1	2	41	2	2	28	1095
0.402	1	1	41	3	1	28	1095
0.402	1	2	41	3	2	28	1095
0.403	1	1	41	4	1	28	1095
0.403	1	2	41	4	2	28	1095
0.404	1	1	41	5	1	28	1095
0.404	1	2	41	5	2	28	1095
0.405	1	1	41	6	1	28	1095
0.405	1	2	41	6	2	28	1095
0.406	1	1	41	7	1	28	1095
0.406	1	2	41	7	2	28	1095
0.407	1	1	41	8	1	28	1095
0.407	1	2	41	8	2	28	1095
0.408	1	1	41	9	1	28	1095
0.408	1	2	41	9	2	28	1095
0.409	1	1	41	10	1	28	1095
0.409	1	2	41	10	2	28	1095
0.41	1	1	42	1	1	28	1095
0.41	1	2	42	1	2	28	1095
0.411	1	1	42	2	1	28	1095
0.411	1	2	42	2	2	28	1095
0.412	1	1	42	3	1	28	1095
0.412	1	2	42	3	2	28	1095
0.413	1	1	42	4	1	28	1095
0.413	1	2	42	4	2	28	1095
0.414	1	1	42	5	1	28	1095
0.414	1	2	42	5	2	28	1095
0.415	1	1	42	6	1	28	1095
0.415	1	2	42	6	2	28	1095
0.416	1	1	42	7	1	28	1095
0.416	1	2	42	7	2	28	1095
0.417	1	1	42	8	1	28	1095
0.417	1	2	42	8	2	28	1095
0.418	1	1	42	9	1	28	1095
0.418	1	2	42	9	2	28	1095
0.419	1	1	42	10	1	28	1095
0.419	1	2	42	10	2	28	1095
0.42	1	1	43	1	1	28	1095
0.42	1	2	43	1	2	28	1095
0.421	1	1	43	2	1	28	1095
0.421	1	2	43	2	2	28	1095
0.422	1	1	43	3	1	28	1095
0.422	1	2	43	3	2	28	1095
0.423	1	1	43	4	1	28	1095
0.423	1	2	43	4	2	28	1095
0.424	1	1	43	5	1	28	1095
0.424	1	2	43	5	2	28	1095
0.425	1	1	43	6	1	28	1095
0.425	1	2	43	6	2	28	1095
0.426	1	1	43	7	1	28	1095
0.426	1	2	43	7	2	28	1095
0.427	1	1	43	8	1	28	1095
0.427	1	2	43	8	2	28	1095
0.428	1	1	43	9	1	28	1095
0.428	1	2	43	9	2	28	1095
0.429	1	1	43	10	1	28	1095
0.429	1	2	43	10	2	28	1095
0.43	1	1	44	1	1	28	1095
0.43	1	2	44	1	2	28	1095
0.431	1	1	44	2	1	28	1095
0.431	1	2	44	2	2	28	1095
0.432	1	1	44	3	1	28	1095
0.432	1	2	44	3	2	28	1095
0.433	1	1	44	4	1	28	1095
0.433	1	2	44	4	2	28	1095
0.434	1	1	44	5	1	28	1095
0.434	1	2	44	5	2	28	1095
0.435	1	1	44	6	1	28	1095
0.435	1	2	44	6	2	28	1095
0.436	1	1	44	7	1	28	1095
0.436	1	2	44	7	2	28	1095
0.437	1	1	44	8	1	28	1095
0.437	1	2	44	8	2	28	1095
0.438	1	1	44	9	1	28	1095
0.438	1	2	44	9	2	28	1095
0.439	1	1	44	10	1	28	1095
0.439	1	2	44	10	2	28	1095
0.44	1	1	45	1	1	28	1095
0.44	1	2	45	1	2	28	1095
0.441	1	1	45	2	1	28	1095
0.441	1	2	45	2	2	28	1095
0.442	1	1	45	3	1	28	1095
0.442	1	2	45	3	2	28	1095
0.443	1	1	45	4	1	28	1095
0.443	1	2	45	4	2	28	1095
0.444	1	1	45	5	1	28	1095
0.444	1	2	45	5	2	28	1095
0.445	1	1	45	6	1	28	1095
0.445	1	2	45	6	2	28	1095
0.446	1	1	45	7	1	28	1095
0.446	1	2	45	7	2	28	1095
0.447	1	1	45	8	1	28	1095
0.447	1	2	45	8	2	28	1095
0.448	1	1	45	9	1	28	1095
0.448	1	2	45	9	2	28	1095
0.449	1	1	45	10	1	28	1095
0.449	1	2	45	10	2	28	1095
0.45	1	1	46	1	1	28	1095
0.45	1	2	46	1	2	28	1095
0.451	1	1	46	2	1	28	1095
0.451	1	2	46	2	2	28	1095
0.452	1	1	46	3	1	28	1095
0.452	1	2	46	3	2	28	1095
0.453	1	1	46	4	1	28	1095
0.453	1	2	46	4	2	28	1095
0.454	1	1	46	5	1	28	1095
0.454	1	2	46	5	2	28	1095
0.455	1	1	46	6	1	28	1095
0.455	1	2	46	6	2	28	1095
0.456	1	1	46	7	1	28	1095
0.456	1	2	46	7	2	28	1095
0.457	1	1	46	8	1	28	1095
0.457	1	2	46	8	2	28	1095
0.458	1	1	46	9	1	28	1095
0.458	1	2	46	9	2	28	1095
0.459	1	1	46	10	1	28	1095
0.459	1	2	46	10	2	28	1095
0.46	1	1	47	1	1	28	1095
0.46	1	2	47	1	2	28	1095
0.461	1	1	47	2	1	28	1095
0.461	1	2	47	2	2	28	1095
0.462	1	1	47	3	1	28	1095
0.462	1	2	47	3	2	28	1095
0.463	1	1	47	4	1	28	1095
0.463	1	2	47	4	2	28	1095
0.464	1	1	47	5	1	28	1095
0.464	1	2	47	5	2	28	1095
0.465	1	1	47	6	1	28	1095
0.465	1	2	47	6	2	28	1095
0.466	1	1	47	7	1	28	1095
0.466	1	2	47	7	2	28	1095
0.467	1	1	47	8	1	28	1095
0.467	1	2	47	8	2	28	1095
0.468	1	1	47	9	1	28	1095
0.468	1	2	47	9	2	28	1095
0.469	1	1	47	10	1	28	1095
0.469	1	2	47	10	2	28	1095
0.47	1	1	48	1	1	28	1095
0.47	1	2	48	1	2	28	1095
0.471	1	1	48	2	1	28	1095
0.471	1	2	48	2	2	28	1095
0.472	1	1	48	3	1	28	1095
0.472	1	2	48	3	2	28	1095
0.473	1	1	48	4	1	28	1095
0.473	1	2	48	4	2	28	1095
0.474	1	1	48	5	1	28	1095
0.474	1	2	48	5	2	28	1095
0.475	1	1	48	6	1	28	1095
0.475	1	2	48	6	2	28	1095
0.476	1	1	48	7	1	28	1095
0.476	1	2	48	7	2	28	1095
0.477	1	1	48	8	1	28	1095
0.477	1	2	48	8	2	28	1095
0.478	1	1	48	9	1	28	1095
0.478	1	2	48	9	2	28	1095
0.479	1	1	48	10	1	28	1095
0.479	1	2	48	10	2	28	1095
0.48	1	1	49	1	1	28	1095
0.48	1	2	49	1	2	28	1095
0.481	1	1	49	2	1	28	1095
0.481	1	2	49	2	2	28	1095
0.482	1	1	49	3	1	28	1095
0.482	1	2	49	3	2	28	1095
0.483	1	1	49	4	1	28	1095
0.483	1	2	49	4	2	28	1095
0.484	1	1	49	5	1	28	1095
0.484	1	2	49	5	2	28	1095
0.485	1	1	49	6	1	28	1095
0.485	1	2	49	6	2	28	1095
0.486	1	1	49	7	1	28	1095
0.486	1	2	49	7	2	28	1095
0.487	1	1	49	8	1	28	1095
0.487	1	2	49	8	2	28	1095
0.488	1	1	49	9	1	28	1095
0.488	1	2	49	9	2	28	1095
0.489	1	1	49	10	1	28	1095
0.489	1	2	49	10	2	28	1095
0.49	1	1	50	1	1	28	1095
0.49	1	2	50	1	2	28	1095
0.491	1	1	50	2	1	28	1095
0.491	1	2	50	2	2	28	1095
0.492	1	1	50	3	1	28	1095
0.492	1	2	50	3	2	28	1095
0.493	1	1	50	4	1	28	1095
0.493	1	2	50	4	2	28	1095
0.494	1	1	50	5	1	28	1095
0.494	1	2	50	5	2	28	1095
0.495	1	1	50	6	1	28	1095
0.495	1	2	50	6	2	28	1095
0.496	1	1	50	7	1	28	1095
0.496	1	2	50	7	2	28	1095
0.497	1	1	50	8	1	28	1095
0.497	1	2	50	8	2	28	1095
0.498	1	1	50	9	1	28	1095
0.498	1	2	50	9	2	28	1095
0.499	1	1	50	10	1	28	1095
0.499	1	2	50	10	2	28	1095
0.5	1	1	51	1	1	28	1095
0.5	1	2	51	1	2	28	1095
0.501	1	1	51	2	1	28	1095
0.501	1	2	51	2	2	28	1095
0.502	1	1	51	3	1	28	1095
0.502	1	2	51	3	2	28	1095
0.503	1	1	51	4	1	28	1095
0.503	1	2	51	4	2	28	1095
0.504	1	1	51	5	1	28	1095
0.504	1	2	51	5	2	28	1095
0.505	1	1	51	6	1	28	1095
0.505	1	2	51	6	2	28	1095
0.506	1	1	51	7	1	28	1095
0.506	1	2	51	7	2	28	1095
0.507	1	1	51	8	1	28	1095
0.507	1	2	51	8	2	28	1095
0.508	1	1	51	9	1	28	1095
0.508	1	2	51	9	2	28	1095
0.509	1	1	51	10	1	28	1095
0.509	1	2	51	10	2	28	1095
0.51	1	1	52	1	1	28	1095
0.51	1	2	52	1	2	28	1095
0.511	1	1	52	2	1	28	1095
0.511	1	2	52	2	2	28	1095
0.512	1	1	52	3	1	28	1095
0.512	1	2	52	3	2	28	1095
0.513	1	1	52	4	1	28	1095
0.513	1	2	52	4	2	28	1095
0.514	1	1	52	5	1	28	1095
0.514	1	2	52	5	2	28	1095
0.515	1	1	52	6	1	28	1095
0.515	1	2	52	6	2	28	1095
0.516	1	1	52	7	1	28	1095
0.516	1	2	52	7	2	28	1095
0.517	1	1	52	8	1	28	1095
0.517	1	2	52	8	2	28	1095
0.518	1	1	52	9	1	28	1095
0.518	1	2	52	9	2	28	1095
0.519	1	1	52	10	1	28	1095
0.519	1	2	52	10	2	28	1095
0.52	1	1	53	1	1	28	1095
0.52	1	2	53	1	2	28	1095
0.521	1	1	53	2	1	28	1095
0.521	1	2	53	2	2	28	1095
0.522	1	1	53	3	1	28	1095
0.522	1	2	53	3	2	28	1095
0.523	1	1	53	4	1	28	1095
0.523	1	2	53	4	2	28	1095
0.524	1	1	53	5	1	28	1095
0.524	1	2	53	5	2	28	1095
0.525	1	1	53	6	1	28	1095
0.525	1	2	53	6	2	28	1095
0.526	1	1	53	7	1	28	1095
0.526	1	2	53	7	2	28	1095
0.527	1	1	53	8	1	28	1095
0.527	1	2	53	8	2	28	1095
0.528	1	1	53	9	1	28	1095
0.528	1	2	53	9	2	28	1095
0.529	1	1	53	10	1	28	1095
0.529	1	2	53	10	2	28	1095
0.53	1	1	54	1	1	28	1095
0.53	1	2	54	1	2	28	1095
0.531	1	1	54	2	1	28	1095
0.531	1	2	54	2	2	28	1095
0.532	1	1	54	3	1	28	1095
0.532	1	2	54	3	2	28	1095
0.533	1	1	54	4	1	28	1095
0.533	1	2	54	4	2	28	1095
0.534	1	1	54	5	1	28	1095
0.534	1	2	54	5	2	28	1095
0.535	1	1	54	6	1	28	1095
0.535	1	2	54	6	2	28	1095
0.536	1	1	54	7	1	28	1095
0.536	1	2	54	7	2	28	1095
0.537	1	1	54	8	1	28	1095
0.537	1	2	54	8	2	28	1095
0.538	1	1	54	9	1	28	1095
0.538	1	2	54	9	2	28	1095
0.539	1	1	54	10	1	28	1095
0.539	1	2	54	10	2	28	1095
0.54	1	1	55	1	1	28	1095
0.54	1	2	55	1	2	28	1095
0.541	1	1	55	2	1	28	1095
0.541	1	2	55	2	2	28	1095
0.542	1	1	55	3	1	28	1095
0.542	1	2	55	3	2	28	1095
0.543	1	1	55	4	1	28	1095
0.543	1	2	55	4	2	28	1095
0.544	1	1	55	5	1	28	1095
0.544	1	2	55	5	2	28	1095
0.545	1	1	55	6	1	28	1095
0.545	1	2	55	6	2	28	1095
0.546	1	1	55	7	1	28	1095
0.546	1	2	55	7	2	28	1095
0.547	1	1	55	8	1	28	1095
0.547	1	2	55	8	2	28	1095
0.548	1	1	55	9	1	28	1095
0.548	1	2	55	9	2	28	1095
0.549	1	1	55	10	1	28	1095
0.549	1	2	55	10	2	28	1095
0.55	1	1	56	1	1	28	1095
0.55	1	2	56	1	2	28	1095
0.551	1	1	56	2	1	28	1095
0.551	1	2	56	2	2	28	1095
0.552	1	1	56	3	1	28	1095
0.552	1	2	56	3	2	28	1095
0.553	1	1	56	4	1	28	1095
0.553	1	2	56	4	2	28	1095
0.554	1	1	56	5	1	28	1095
0.554	1	2	56	5	2	28	1095
0.555	1	1	56	6	1	28	1095
0.555	1	2	56	6	2	28	1095
0.556	1	1	56	7	1	28	1095
0.556	1	2	56	7	2	28	1095
0.557	1	1	56	8	1	28	1095
0.557	1	2	56	8	2	28	1095
0.558	1	1	56	9	1	28	1095
0.558	1	2	56	9	2	28	1095
0.559	1	1	56	10	1	28	1095
0.559	1	2	56	10	2	28	1095
0.56	1	1	57	1	1	28	1095
0.56	1	2	57	1	2	28	1095
0.561	1	1	57	2	1	28	1095
0.561	1	2	57	2	2	28	1095
0.562	1	1	57	3	1	28	1095
0.562	1	2	57	3	2	28	1095
0.563	1	1	57	4	1	28	1095
0.563	1	2	57	4	2	28	1095
0.564	1	1	57	5	1	28	1095
0.564	1	2	57	5	2	28	1095
0.565	1	1	57	6	1	28	1095
0.565	1	2	57	6	2	28	1095
0.566	1	1	57	7	1	28	1095
0.566	1	2	57	7	2	28	1095
0.567	1	1	57	8	1	28	1095
0.567	1	2	57	8	2	28	1095
0.568	1	1	57	9	1	28	1095
0.568	1	2	57	9	2	28	1095
0.569	1	1	57	10	1	28	1095
0.569	1	2	57	10	2	28	1095
0.57	1	1	58	1	1	28	1095
0.57	1	2	58	1	2	28	1095
0.571	1	1	58	2	1	28	1095
0.571	1	2	58	2	2	28	1095
0.572	1	1	58	3	1	28	1095
0.572	1	2	58	3	2	28	1095
0.573	1	1	58	4	1	28	1095
0.573	1	2	58	4	2	28	1095
0.574	1	1	58	5	1	28	1095
0.574	1	2	58	5	2	28	1095
0.575	1	1	58	6	1	28	1095
0.575	1	2	58	6	2	28	1095
0.576	1	1	58	7	1	28	1095
0.576	1	2	58	7	2	28	1095
0.577	1	1	58	8	1	28	1095
0.577	1	2	58	8	2	28	1095
0.578	1	1	58	9	1	28	1095
0.578	1	2	58	9	2	28	1095
0.579	1	1	58	10	1	28	1095
0.579	1	2	58	10	2	28	1095
0.58	1	1	59	1	1	28	1095
0.58	1	2	59	1	2	28	1095
0.581	1	1	59	2	1	28	1095
0.581	1	2	59	2	2	28	1095
0.582	1	1	59	3	1	28	1095
0.582	1	2	59	3	2	28	1095
0.583	1	1	59	4	1	28	1095
0.583	1	2	59	4	2	28	1095
0.584	1	1	59	5	1	28	1095
0.584	1	2	59	5	2	28	1095
0.585	1	1	59	6	1	28	1095
0.585	1	2	59	6	2	28	1095
0.586	1	1	59	7	1	28	1095
0.586	1	2	59	7	2	28	1095
0.587	1	1	59	8	1	28	1095
0.587	1	2	59	8	2	28	1095
0.588	1	1	59	9	1	28	1095
0.588	1	2	59	9	2	28	1095
0.589	1	1	59	10	1	28	1095
0.589	1	2	59	10	2	28	1095
0.59	1	1	60	1	1	28	1095
0.59	1	2	60	1	2	28	1095
0.591	1	1	60	2	1	28	1095
0.591	1	2	60	2	2	28	1095
0.592	1	1	60	3	1	28	1095
0.592	1	2	60	3	2	28	1095
0.593	1	1	60	4	1	28	1095
0.593	1	2	60	4	2	28	1095
0.594	1	1	60	5	1	28	1095
0.594	1	2	60	5	2	28	1095
0.595	1	1	60	6	1	28	1095
0.595	1	2	60	6	2	28	1095
0.596	1	1	60	7	1	28	1095
0.596	1	2	60	7	2	28	1095
0.597	1	1	60	8	1	28	1095
0.597	1	2	60	8	2	28	1095
0.598	1	1	60	9	1	28	1095
0.598	1	2	60	9	2	28	1095
0.599	1	1	60	10	1	28	1095
0.599	1	2	60	10	2	28	1095
0.6	1	1	61	1	1	28	1095
0.6	1	2	61	1	2	28	1095
0.601	1	1	61	2	1	28	1095
0.601	1	2	61	2	2	28	1095
0.602	1	1	61	3	1	28	1095
0.602	1	2	61	3	2	28	1095
0.603	1	1	61	4	1	28	1095
0.603	1	2	61	4	2	28	1095
0.604	1	1	61	5	1	28	1095
0.604	1	2	61	5	2	28	1095
0.605	1	1	61	6	1	28	1095
0.605	1	2	61	6	2	28	1095
0.606	1	1	61	7	1	28	1095
0.606	1	2	61	7	2	28	1095
0.607	1	1	61	8	1	28	1095
0.607	1	2	61	8	2	28	1095
0.608	1	1	61	9	1	28	1095
0.608	1	2	61	9	2	28	1095
0.609	1	1	61	10	1	28	1095
0.609	1	2	61	10	2	28	1095
0.61	1	1	62	1	1	28	1095
0.61	1	2	62	1	2	28	1095
0.611	1	1	62	2	1	28	1095
0.611	1	2	62	2	2	28	1095
0.612	1	1	62	3	1	28	1095
0.612	1	2	62	3	2	28	1095
0.613	1	1	62	4	1	28	1095
0.613	1	2	62	4	2	28	1095
0.614	1	1	62	5	1	28	1095
0.614	1	2	62	5	2	28	1095
0.615	1	1	62	6	1	28	1095
0.615	1	2	62	6	2	28	1095
0.616	1	1	62	7	1	28	1095
0.616	1	2	62	7	2	28	1095
0.617	1	1	62	8	1	28	1095
0.617	1	2	62	8	2	28	1095
0.618	1	1	62	9	1	28	1095
0.618	1	2	62	9	2	28	1095
0.619	1	1	62	10	1	28	1095
0.619	1	2	62	10	2	28	1095
0.62	1	1	63	1	1	28	1095
0.62	1	2	63	1	2	28	1095
0.621	1	1	63	2	1	28	1095
0.621	1	2	63	2	2	28	1095
0.622	1	1	63	3	1	28	1095
0.622	1	2	63	3	2	28	1095
0.623	1	1	63	4	1	28	1095
0.623	1	2	63	4	2	28	1095
0.624	1	1	63	5	1	28	1095
0.624	1	2	63	5	2	28	1095
0.625	1	1	63	6	1	28	1095
0.625	1	2	63	6	2	28	1095
0.626	1	1	63	7	1	28	1095
0.626	1	2	63	7	2	28	1095
0.627	1	1	63	8	1	28	1095
0.627	1	2	63	8	2	28	1095
0.628	1	1	63	9	1	28	1095
0.628	1	2	63	9	2	28	1095
0.629	1	1	63	10	1	28	1095
0.629	1	2	63	10	2	28	1095
0.63	1	1	64	1	1	28	1095
0.63	1	2	64	1	2	28	1095
0.631	1	1	64	2	1	28	1095
0.631	1	2	64	2	2	28	1095
0.632	1	1	64	3	1	28	1095
0.632	1	2	64	3	2	28	1095
0.633	1	1	64	4	1	28	1095
0.633	1	2	64	4	2	28	1095
0.634	1	1	64	5	1	28	1095
0.634	1	2	64	5	2	28	1095
0.635	1	1	64	6	1	28	1095
0.635	1	2	64	6	2	28	1095
0.636	1	1	64	7	1	28	1095
0.636	1	2	64	7	2	28	1095
0.637	1	1	64	8	1	28	1095
0.637	1	2	64	8	2	28	1095
0.638	1	1	64	9	1	28	1095
0.638	1	2	64	9	2	28	1095
0.639	1	1	64	10	1	28	1095
0.639	1	2	64	10	2	28	1095
0.64	1	1	65	1	1	28	1095
0.64	1	2	65	1	2	28	1095
0.641	1	1	65	2	1	28	1095
0.641	1	2	65	2	2	28	1095
0.642	1	1	65	3	1	28	1095
0.642	1	2	65	3	2	28	1095
0.643	1	1	65	4	1	28	1095
0.643	1	2	65	4	2	28	1095
0.644	1	1	65	5	1	28	1095
0.644	1	2	65	5	2	28	1095
0.645	1	1	65	6	1	28	1095
0.645	1	2	65	6	2	28	1095
0.646	1	1	65	7	1	28	1095
0.646	1	2	65	7	2	28	1095
0.647	1	1	65	8	1	28	1095
0.647	1	2	65	8	2	28	1095
0.648	1	1	65	9	1	28	1095
0.648	1	2	65	9	2	28	1095
0.649	1	1	65	10	1	28	1095
0.649	1	2	65	10	2	28	1095
0.65	1	1	66	1	1	28	1095
0.65	1	2	66	1	2	28	1095
0.651	1	1	66	2	1	28	1095
0.651	1	2	66	2	2	28	1095
0.652	1	1	66	3	1	28	1095
0.652	1	2	66	3	2	28	1095
0.653	1	1	66	4	1	28	1095
0.653	1	2	66	4	2	28	1095
0.654	1	1	66	5	1	28	1095
0.654	1	2	66	5	2	28	1095
0.655	1	1	66	6	1	28	1095
0.655	1	2	66	6	2	28	1095
0.656	1	1	66	7	1	28	1095
0.656	1	2	66	7	2	28	1095
0.657	1	1	66	8	1	28	1095
0.657	1	2	66	8	2	28	1095
0.658	1	1	66	9	1	28	1095
0.658	1	2	66	9	2	28	1095
0.659	1	1	66	10	1	28	1095
0.659	1	2	66	10	2	28	1095
0.66	1	1	67	1	1	28	1095
0.66	1	2	67	1	2	28	1095
0.661	1	1	67	2	1	28	1095
0.661	1	2	67	2	2	28	1095
0.662	1	1	67	3	1	28	1095
0.662	1	2	67	3	2	28	1095
0.663	1	1	67	4	1	28	1095
0.663	1	2	67	4	2	28	1095
0.664	1	1	67	5	1	28	1095
0.664	1	2	67	5	2	28	1095
0.665	1	1	67	6	1	28	1095
0.665	1	2	67	6	2	28	1095
0.666	1	1	67	7	1	28	1095
0.666	1	2	67	7	2	28	1095
0.667	1	1	67	8	1	28	1095
0.667	1	2	67	8	2	28	1095
0.668	1	1	67	9	1	28	1095
0.668	1	2	67	9	2	28	1095
0.669	1	1	67	10	1	28	1095
0.669	1	2	67	10	2	28	1095
0.67	1	1	68	1	1	28	1095
0.67	1	2	68	1	2	28	1095
0.671	1	1	68	2	1	28	1095
0.671	1	2	68	2	2	28	1095
0.672	1	1	68	3	1	28	1095
0.672	1	2	68	3	2	28	1095
0.673	1	1	68	4	1	28	1095
0.673	1	2	68	4	2	28	1095
0.674	1	1	68	5	1	28	1095
0.674	1	2	68	5	2	28	1095
0.675	1	1	68	6	1	28	1095
0.675	1	2	68	6	2	28	1095
0.676	1	1	68	7	1	28	1095
0.676	1	2	68	7	2	28	1095
0.677	1	1	68	8	1	28	1095
0.677	1	2	68	8	2	28	1095
0.678	1	1	68	9	1	28	1095
0.678	1	2	68	9	2	28	1095
0.679	1	1	68	10	1	28	1095
0.679	1	2	68	10	2	28	1095
0.68	1	1	69	1	1	28	1095
0.68	1	2	69	1	2	28	1095
0.681	1	1	69	2	1	28	1095
0.681	1	2	69	2	2	28	1095
0.682	1	1	69	3	1	28	1095
0.682	1	2	69	3	2	28	1095
0.683	1	1	69	4	1	28	1095
0.683	1	2	69	4	2	28	1095
0.684	1	1	69	5	1	28	1095
0.684	1	2	69	5	2	28	1095
0.685	1	1	69	6	1	28	1095
0.685	1	2	69	6	2	28	1095
0.686	1	1	69	7	1	28	1095
0.686	1	2	69	7	2	28	1095
0.687	1	1	69	8	1	28	1095
0.687	1	2	69	8	2	28	1095
0.688	1	1	69	9	1	28	1095
0.688	1	2	69	9	2	28	1095
0.689	1	1	69	10	1	28	1095
0.689	1	2	69	10	2	28	1095
0.69	1	1	70	1	1	28	1095
0.69	1	2	70	1	2	28	1095
0.691	1	1	70	2	1	28	1095
0.691	1	2	70	2	2	28	1095
0.692	1	1	70	3	1	28	1095
0.692	1	2	70	3	2	28	1095
0.693	1	1	70	4	1	28	1095
0.693	1	2	70	4	2	28	1095
0.694	1	1	70	5	1	28	1095
0.694	1	2	70	5	2	28	1095
0.695	1	1	70	6	1	28	1095
0.695	1	2	70	6	2	28	1095
0.696	1	1	70	7	1	28	1095
0.696	1	2	70	7	2	28	1095
0.697	1	1	70	8	1	28	1095
0.697	1	2	70	8	2	28	1095
0.698	1	1	70	9	1	28	1095
0.698	1	2	70	9	2	28	1095
0.699	1	1	70	10	1	28	1095
0.699	1	2	70	10	2	28	1095
0.7	1	1	71	1	1	28	1095
0.7	1	2	71	1	2	28	1095
0.701	1	1	71	2	1	28	1095
0.701	1	2	71	2	2	28	1095
0.702	1	1	71	3	1	28	1095
0.702	1	2	71	3	2	28	1095
0.703	1	1	71	4	1	28	1095
0.703	1	2	71	4	2	28	1095
0.704	1	1	71	5	1	28	1095
0.704	1	2	71	5	2	28	1095
0.705	1	1	71	6	1	28	1095
0.705	1	2	71	6	2	28	1095
0.706	1	1	71	7	1	28	1095
0.706	1	2	71	7	2	28	1095
0.707	1	1	71	8	1	28	1095
0.707	1	2	71	8	2	28	1095
0.708	1	1	71	9	1	28	1095
0.708	1	2	71	9	2	28	1095
0.709	1	1	71	10	1	28	1095
0.709	1	2	71	10	2	28	1095
0.71	1	1	72	1	1	28	1095
0.71	1	2	72	1	2	28	1095
0.711	1	1	72	2	1	28	1095
0.711	1	2	72	2	2	28	1095
0.712	1	1	72	3	1	28	1095
0.712	1	2	72	3	2	28	1095
0.713	1	1	72	4	1	28	1095
0.713	1	2	72	4	2	28	1095
0.714	1	1	72	5	1	28	1095
0.714	1	2	72	5	2	28	1095
0.715	1	1	72	6	1	28	1095
0.715	1	2	72	6	2	28	1095
0.716	1	1	72	7	1	28	1095
0.716	1	2	72	7	2	28	1095
0.717	1	1	72	8	1	28	1095
0.717	1	2	72	8	2	28	1095
0.718	1	1	72	9	1	28	1095
0.718	1	2	72	9	2	28	1095
0.719	1	1	72	10	1	28	1095
0.719	1	2	72	10	2	28	1095
0.72	1	1	73	1	1	28	1095
0.72	1	2	73	1	2	28	1095
0.721	1	1	73	2	1	28	1095
0.721	1	2	73	2	2	28	1095
0.722	1	1	73	3	1	28	1095
0.722	1	2	73	3	2	28	1095
0.723	1	1	73	4	1	28	1095
0.723	1	2	73	4	2	28	1095
0.724	1	1	73	5	1	28	1095
0.724	1	2	73	5	2	28	1095
0.725	1	1	73	6	1	28	1095
0.725	1	2	73	6	2	28	1095
0.726	1	1	73	7	1	28	1095
0.726	1	2	73	7	2	28	1095
0.727	1	1	73	8	1	28	1095
0.727	1	2	73	8	2	28	1095
0.728	1	1	73	9	1	28	1095
0.728	1	2	73	9	2	28	1095
0.729	1	1	73	10	1	28	1095
0.729	1	2	73	10	2	28	1095
0.73	1	1	74	1	1	28	1095
0.73	1	2	74	1	2	28	1095
0.731	1	1	74	2	1	28	1095
0.731	1	2	74	2	2	28	1095
0.732	1	1	74	3	1	28	1095
0.732	1	2	74	3	2	28	1095
0.733	1	1	74	4	1	28	1095
0.733	1	2	74	4	2	28	1095
0.734	1	1	74	5	1	28	1095
0.734	1	2	74	5	2	28	1095
0.735	1	1	74	6	1	28	1095
0.735	1	2	74	6	2	28	1095
0.736	1	1	74	7	1	28	1095
0.736	1	2	74	7	2	28	1095
0.737	1	1	74	8	1	28	1095
0.737	1	2	74	8	2	28	1095
0.738	1	1	74	9	1	28	1095
0.738	1	2	74	9	2	28	1095
0.739	1	1	74	10	1	28	1095
0.739	1	2	74	10	2	28	1095
0.74	1	1	75	1	1	28	1095
0.74	1	2	75	1	2	28	1095
0.741	1	1	75	2	1	28	1095
0.741	1	2	75	2	2	28	1095
0.742	1	1	75	3	1	28	1095
0.742	1	2	75	3	2	28	1095
0.743	1	1	75	4	1	28	1095
0.743	1	2	75	4	2	28	1095
0.744	1	1	75	5	1	28	1095
0.744	1	2	75	5	2	28	1095
0.745	1	1	75	6	1	28	1095
0.745	1	2	75	6	2	28	1095
0.746	1	1	75	7	1	28	1095
0.746	1	2	75	7	2	28	1095
0.747	1	1	75	8	1	28	1095
0.747	1	2	75	8	2	28	1095
0.748	1	1	75	9	1	28	1095
0.748	1	2	75	9	2	28	1095
0.749	1	1	75	10	1	28	1095
0.749	1	2	75	10	2	28	1095
0.75	1	1	76	1	1	28	1095
0.75	1	2	76	1	2	28	1095
0.751	1	1	76	2	1	28	1095
0.751	1	2	76	2	2	28	1095
0.752	1	1	76	3	1	28	1095
0.752	1	2	76	3	2	28	1095
0.753	1	1	76	4	1	28	1095
0.753	1	2	76	4	2	28	1095
0.754	1	1	76	5	1	28	1095
0.754	1	2	76	5	2	28	1095
0.755	1	1	76	6	1	28	1095
0.755	1	2	76	6	2	28	1095
0.756	1	1	76	7	1	28	1095
0.756	1	2	76	7	2	28	1095
0.757	1	1	76	8	1	28	1095
0.757	1	2	76	8	2	28	1095
0.758	1	1	76	9	1	28	1095
0.758	1	2	76	9	2	28	1095
0.759	1	1	76	10	1	28	1095
0.759	1	2	76	10	2	28	1095
0.76	1	1	77	1	1	28	1095
0.76	1	2	77	1	2	28	1095
0.761	1	1	77	2	1	28	1095
0.761	1	2	77	2	2	28	1095
0.762	1	1	77	3	1	28	1095
0.762	1	2	77	3	2	28	1095
0.763	1	1	77	4	1	28	1095
0.763	1	2	77	4	2	28	1095
0.764	1	1	77	5	1	28	1095
0.764	1	2	77	5	2	28	1095
0.765	1	1	77	6	1	28	1095
0.765	1	2	77	6	2	28	1095
0.766	1	1	77	7	1	28	1095
0.766	1	2	77	7	2	28	1095
0.767	1	1	77	8	1	28	1095
0.767	1	2	77	8	2	28	1095
0.768	1	1	77	9	1	28	1095
0.768	1	2	77	9	2	28	1095
0.769	1	1	77	10	1	28	1095
0.769	1	2	77	10	2	28	1095
0.77	1	1	78	1	1	28	1095
0.77	1	2	78	1	2	28	1095
0.771	1	1	78	2	1	28	1095
0.771	1	2	78	2	2	28	1095
0.772	1	1	78	3	1	28	1095
0.772	1	2	78	3	2	28	1095
0.773	1	1	78	4	1	28	1095
0.773	1	2	78	4	2	28	1095
0.774	1	1	78	5	1	28	1095
0.774	1	2	78	5	2	28	1095
0.775	1	1	78	6	1	28	1095
0.775	1	2	78	6	2	28	1095
0.776	1	1	78	7	1	28	1095
0.776	1	2	78	7	2	28	1095
0.777	1	1	78	8	1	28	1095
0.777	1	2	78	8	2	28	1095
0.778	1	1	78	9	1	28	1095
0.778	1	2	78	9	2	28	1095
0.779	1	1	78	10	1	28	1095
0.779	1	2	78	10	2	28	1095
0.78	1	1	79	1	1	28	1095
0.78	1	2	79	1	2	28	1095
0.781	1	1	79	2	1	28	1095
0.781	1	2	79	2	2	28	1095
0.782	1	1	79	3	1	28	1095
0.782	1	2	79	3	2	28	1095
0.783	1	1	79	4	1	28	1095
0.783	1	2	79	4	2	28	1095
0.784	1	1	79	5	1	28	1095
0.784	1	2	79	5	2	28	1095
0.785	1	1	79	6	1	28	1095
0.785	1	2	79	6	2	28	1095
0.786	1	1	79	7	1	28	1095
0.786	1	2	79	7	2	28	1095
0.787	1	1	79	8	1	28	1095
0.787	1	2	79	8	2	28	1095
0.788	1	1	79	9	1	28	1095
0.788	1	2	79	9	2	28	1095
0.789	1	1	79	10	1	28	1095
0.789	1	2	79	10	2	28	1095
0.79	1	1	80	1	1	28	1095
0.79	1	2	80	1	2	28	1095
0.791	1	1	80	2	1	28	1095
0.791	1	2	80	2	2	28	1095
0.792	1	1	80	3	1	28	1095
0.792	1	2	80	3	2	28	1095
0.793	1	1	80	4	1	28	1095
0.793	1	2	80	4	2	28	1095
0.794	1	1	80	5	1	28	1095
0.794	1	2	80	5	2	28	1095
0.795	1	1	80	6	1	28	1095
0.795	1	2	80	6	2	28	1095
0.796	1	1	80	7	1	28	1095
0.796	1	2	80	7	2	28	1095
0.797	1	1	80	8	1	28	1095
0.797	1	2	80	8	2	28	1095
0.798	1	1	80	9	1	28	1095
0.798	1	2	80	9	2	28	1095
0.799	1	1	80	10	1	28	1095
0.799	1	2	80	10	2	28	1095
0.8	1	1	81	1	1	28	1095
0.8	1	2	81	1	2	28	1095
0.801	1	1	81	2	1	28	1095
0.801	1	2	81	2	2	28	1095
0.802	1	1	81	3	1	28	1095
0.802	1	2	81	3	2	28	1095
0.803	1	1	81	4	1	28	1095
0.803	1	2	81	4	2	28	1095
0.804	1	1	81	5	1	28	1095
0.804	1	2	81	5	2	28	1095
0.805	1	1	81	6	1	28	1095
0.805	1	2	81	6	2	28	1095
0.806	1	1	81	7	1	28	1095
0.806	1	2	81	7	2	28	1095
0.807	1	1	81	8	1	28	1095
0.807	1	2	81	8	2	28	1095
0.808	1	1	81	9	1	28	1095
0.808	1	2	81	9	2	28	1095
0.809	1	1	81	10	1	28	1095
0.809	1	2	81	10	2	28	1095
0.81	1	1	82	1	1	28	1095
0.81	1	2	82	1	2	28	1095
0.811	1	1	82	2	1	28	1095
0.811	1	2	82	2	2	28	1095
0.812	1	1	82	3	1	28	1095
0.812	1	2	82	3	2	28	1095
0.813	1	1	82	4	1	28	1095
0.813	1	2	82	4	2	28	1095
0.814	1	1	82	5	1	28	1095
0.814	1	2	82	5	2	28	1095
0.815	1	1	82	6	1	28	1095
0.815	1	2	82	6	2	28	1095
0.816	1	1	82	7	1	28	1095
0.816	1	2	82	7	2	28	1095
0.817	1	1	82	8	1	28	1095
0.817	1	2	82	8	2	28	1095
0.818	1	1	82	9	1	28	1095
0.818	1	2	82	9	2	28	1095
0.819	1	1	82	10	1	28	1095
0.819	1	2	82	10	2	28	1095
0.82	1	1	83	1	1	28	1095
0.82	1	2	83	1	2	28	1095
0.821	1	1	83	2	1	28	1095
0.821	1	2	83	2	2	28	1095
0.822	1	1	83	3	1	28	1095
0.822	1	2	83	3	2	28	1095
0.823	1	1	83	4	1	28	1095
0.823	1	2	83	4	2	28	1095
0.824	1	1	83	5	1	28	1095
0.824	1	2	83	5	2	28	1095
0.825	1	1	83	6	1	28	1095
0.825	1	2	83	6	2	28	1095
0.826	1	1	83	7	1	28	1095
0.826	1	2	83	7	2	28	1095
0.827	1	1	83	8	1	28	1095
0.827	1	2	83	8	2	28	1095
0.828	1	1	83	9	1	28	1095
0.828	1	2	83	9	2	28	1095
0.829	1	1	83	10	1	28	1095
0.829	1	2	83	10	2	28	1095
0.83	1	1	84	1	1	28	1095
0.83	1	2	84	1	2	28	1095
0.831	1	1	84	2	1	28	1095
0.831	1	2	84	2	2	28	1095
0.832	1	1	84	3	1	28	1095
0.832	1	2	84	3	2	28	1095
0.833	1	1	84	4	1	28	1095
0.833	1	2	84	4	2	28	1095
0.834	1	1	84	5	1	28	1095
0.834	1	2	84	5	2	28	1095
0.835	1	1	84	6	1	28	1095
0.835	1	2	84	6	2	28	1095
0.836	1	1	84	7	1	28	1095
0.836	1	2	84	7	2	28	1095
0.837	1	1	84	8	1	28	1095
0.837	1	2	84	8	2	28	1095
0.838	1	1	84	9	1	28	1095
0.838	1	2	84	9	2	28	1095
0.839	1	1	84	10	1	28	1095
0.839	1	2	84	10	2	28	1095
0.84	1	1	85	1	1	28	1095
0.84	1	2	85	1	2	28	1095
0.841	1	1	85	2	1	28	1095
0.841	1	2	85	2	2	28	1095
0.842	1	1	85	3	1	28	1095
0.842	1	2	85	3	2	28	1095
0.843	1	1	85	4	1	28	1095
0.843	1	2	85	4	2	28	1095
0.844	1	1	85	5	1	28	1095
0.844	1	2	85	5	2	28	1095
0.845	1	1	85	6	1	28	1095
0.845	1	2	85	6	2	28	1095
0.846	1	1	85	7	1	28	1095
0.846	1	2	85	7	2	28	1095
0.847	1	1	85	8	1	28	1095
0.847	1	2	85	8	2	28	1095
0.848	1	1	85	9	1	28	1095
0.848	1	2	85	9	2	28	1095
0.849	1	1	85	10	1	28	1095
0.849	1	2	85	10	2	28	1095
0.85	1	1	86	1	1	28	1095
0.85	1	2	86	1	2	28	1095
0.851	1	1	86	2	1	28	1095
0.851	1	2	86	2	2	28	1095
0.852	1	1	86	3	1	28	1095
0.852	1	2	86	3	2	28	1095
0.853	1	1	86	4	1	28	1095
0.853	1	2	86	4	2	28	1095
0.854	1	1	86	5	1	28	1095
0.854	1	2	86	5	2	28	1095
0.855	1	1	86	6	1	28	1095
0.855	1	2	86	6	2	28	1095
0.856	1	1	86	7	1	28	1095
0.856	1	2	86	7	2	28	1095
0.857	1	1	86	8	1	28	1095
0.857	1	2	86	8	2	28	1095
0.858	1	1	86	9	1	28	1095
0.858	1	2	86	9	2	28	1095
0.859	1	1	86	10	1	28	1095
0.859	1	2	86	10	2	28	1095
0.86	1	1	87	1	1	28	1095
0.86	1	2	87	1	2	28	1095
0.861	1	1	87	2	1	28	1095
0.861	1	2	87	2	2	28	1095
0.862	1	1	87	3	1	28	1095
0.862	1	2	87	3	2	28	1095
0.863	1	1	87	4	1	28	1095
0.863	1	2	87	4	2	28	1095
0.864	1	1	87	5	1	28	1095
0.864	1	2	87	5	2	28	1095
0.865	1	1	87	6	1	28	1095
0.865	1	2	87	6	2	28	1095
0.866	1	1	87	7	1	28	1095
0.866	1	2	87	7	2	28	1095
0.867	1	1	87	8	1	28	1095
0.867	1	2	87	8	2	28	1095
0.868	1	1	87	9	1	28	1095
0.868	1	2	87	9	2	28	1095
0.869	1	1	87	10	1	28	1095
0.869	1	2	87	10	2	28	1095
0.87	1	1	88	1	1	28	1095
0.87	1	2	88	1	2	28	1095
0.871	1	1	88	2	1	28	1095
0.871	1	2	88	2	2	28	1095
0.872	1	1	88	3	1	28	1095
0.872	1	2	88	3	2	28	1095
0.873	1	1	88	4	1	28	1095
0.873	1	2	88	4	2	28	1095
0.874	1	1	88	5	1	28	1095
0.874	1	2	88	5	2	28	1095
0.875	1	1	88	6	1	28	1095
0.875	1	2	88	6	2	28	1095
0.876	1	1	88	7	1	28	1095
0.876	1	2	88	7	2	28	1095
0.877	1	1	88	8	1	28	1095
0.877	1	2	88	8	2	28	1095
0.878	1	1	88	9	1	28	1095
0.878	1	2	88	9	2	28	1095
0.879	1	1	88	10	1	28	1095
0.879	1	2	88	10	2	28	1095
0.88	1	1	89	1	1	28	1095
0.88	1	2	89	1	2	28	1095
0.881	1	1	89	2	1	28	1095
0.881	1	2	89	2	2	28	1095
0.882	1	1	89	3	1	28	1095
0.882	1	2	89	3	2	28	1095
0.883	1	1	89	4	1	28	1095
0.883	1	2	89	4	2	28	1095
0.884	1	1	89	5	1	28	1095
0.884	1	2	89	5	2	28	1095
0.885	1	1	89	6	1	28	1095
0.885	1	2	89	6	2	28	1095
0.886	1	1	89	7	1	28	1095
0.886	1	2	89	7	2	28	1095
0.887	1	1	89	8	1	28	1095
0.887	1	2	89	8	2	28	1095
0.888	1	1	89	9	1	28	1095
0.888	1	2	89	9	2	28	1095
0.889	1	1	89	10	1	28	1095
0.889	1	2	89	10	2	28	1095
0.89	1	1	90	1	1	28	1095
0.89	1	2	90	1	2	28	1095
0.891	1	1	90	2	1	28	1095
0.891	1	2	90	2	2	28	1095
0.892	1	1	90	3	1	28	1095
0.892	1	2	90	3	2	28	1095
0.893	1	1	90	4	1	28	1095
0.893	1	2	90	4	2	28	1095
0.894	1	1	90	5	1	28	1095
0.894	1	2	90	5	2	28	1095
0.895	1	1	90	6	1	28	1095
0.895	1	2	90	6	2	28	1095
0.896	1	1	90	7	1	28	1095
0.896	1	2	90	7	2	28	1095
0.897	1	1	90	8	1	28	1095
0.897	1	2	90	8	2	28	1095
0.898	1	1	90	9	1	28	1095
0.898	1	2	90	9	2	28	1095
0.899	1	1	90	10	1	28	1095
0.899	1	2	90	10	2	28	1095
0.9	1	1	91	1	1	28	1095
0.9	1	2	91	1	2	28	1095
0.901	1	1	91	2	1	28	1095
0.901	1	2	91	2	2	28	1095
0.902	1	1	91	3	1	28	1095
0.902	1	2	91	3	2	28	1095
0.903	1	1	91	4	1	28	1095
0.903	1	2	91	4	2	28	1095
0.904	1	1	91	5	1	28	1095
0.904	1	2	91	5	2	28	1095
0.905	1	1	91	6	1	28	1095
0.905	1	2	91	6	2	28	1095
0.906	1	1	91	7	1	28	1095
0.906	1	2	91	7	2	28	1095
0.907	1	1	91	8	1	28	1095
0.907	1	2	91	8	2	28	1095
0.908	1	1	91	9	1	28	1095
0.908	1	2	91	9	2	28	1095
0.909	1	1	91	10	1	28	1095
0.909	1	2	91	10	2	28	1095
0.91	1	1	92	1	1	28	1095
0.91	1	2	92	1	2	28	1095
0.911	1	1	92	2	1	28	1095
0.911	1	2	92	2	2	28	1095
0.912	1	1	92	3	1	28	1095
0.912	1	2	92	3	2	28	1095
0.913	1	1	92	4	1	28	1095
0.913	1	2	92	4	2	28	1095
0.914	1	1	92	5	1	28	1095
0.914	1	2	92	5	2	28	1095
0.915	1	1	92	6	1	28	1095
0.915	1	2	92	6	2	28	1095
0.916	1	1	92	7	1	28	1095
0.916	1	2	92	7	2	28	1095
0.917	1	1	92	8	1	28	1095
0.917	1	2	92	8	2	28	1095
0.918	1	1	92	9	1	28	1095
0.918	1	2	92	9	2	28	1095
0.919	1	1	92	10	1	28	1095
0.919	1	2	92	10	2	28	1095
0.92	1	1	93	1	1	28	1095
0.92	1	2	93	1	2	28	1095
0.921	1	1	93	2	1	28	1095
0.921	1	2	93	2	2	28	1095
0.922	1	1	93	3	1	28	1095
0.922	1	2	93	3	2	28	1095
0.923	1	1	93	4	1	28	1095
0.923	1	2	93	4	2	28	1095
0.924	1	1	93	5	1	28	1095
0.924	1	2	93	5	2	28	1095
0.925	1	1	93	6	1	28	1095
0.925	1	2	93	6	2	28	1095
0.926	1	1	93	7	1	28	1095
0.926	1	2	93	7	2	28	1095
0.927	1	1	93	8	1	28	1095
0.927	1	2	93	8	2	28	1095
0.928	1	1	93	9	1	28	1095
0.928	1	2	93	9	2	28	1095
0.929	1	1	93	10	1	28	1095
0.929	1	2	93	10	2	28	1095
0.93	1	1	94	1	1	28	1095
0.93	1	2	94	1	2	28	1095
0.931	1	1	94	2	1	28	1095
0.931	1	2	94	2	2	28	1095
0.932	1	1	94	3	1	28	1095
0.932	1	2	94	3	2	28	1095
0.933	1	1	94	4	1	28	1095
0.933	1	2	94	4	2	28	1095
0.934	1	1	94	5	1	28	1095
0.934	1	2	94	5	2	28	1095
0.935	1	1	94	6	1	28	1095
0.935	1	2	94	6	2	28	1095
0.936	1	1	94	7	1	28	1095
0.936	1	2	94	7	2	28	1095
0.937	1	1	94	8	1	28	1095
0.937	1	2	94	8	2	28	1095
0.938	1	1	94	9	1	28	1095
0.938	1	2	94	9	2	28	1095
0.939	1	1	94	10	1	28	1095
0.939	1	2	94	10	2	28	1095
0.94	1	1	95	1	1	28	1095
0.94	1	2	95	1	2	28	1095
0.941	1	1	95	2	1	28	1095
0.941	1	2	95	2	2	28	1095
0.942	1	1	95	3	1	28	1095
0.942	1	2	95	3	2	28	1095
0.943	1	1	95	4	1	28	1095
0.943	1	2	95	4	2	28	1095
0.944	1	1	95	5	1	28	1095
0.944	1	2	95	5	2	28	1095
0.945	1	1	95	6	1	28	1095
0.945	1	2	95	6	2	28	1095
0.946	1	1	95	7	1	28	1095
0.946	1	2	95	7	2	28	1095
0.947	1	1	95	8	1	28	1095
0.947	1	2	95	8	2	28	1095
0.948	1	1	95	9	1	28	1095
0.948	1	2	95	9	2	28	1095
0.949	1	1	95	10	1	28	1095
0.949	1	2	95	10	2	28	1095
0.95	1	1	96	1	1	28	1095
0.95	1	2	96	1	2	28	1095
0.951	1	1	96	2	1	28	1095
0.951	1	2	96	2	2	28	1095
0.952	1	1	96	3	1	28	1095
0.952	1	2	96	3	2	28	1095
0.953	1	1	96	4	1	28	1095
0.953	1	2	96	4	2	28	1095
0.954	1	1	96	5	1	28	1095
0.954	1	2	96	5	2	28	1095
0.955	1	1	96	6	1	28	1095
0.955	1	2	96	6	2	28	1095
0.956	1	1	96	7	1	28	1095
0.956	1	2	96	7	2	28	1095
0.957	1	1	96	8	1	28	1095
0.957	1	2	96	8	2	28	1095
0.958	1	1	96	9	1	28	1095
0.958	1	2	96	9	2	28	1095
0.959	1	1	96	10	1	28	1095
0.959	1	2	96	10	2	28	1095
0.96	1	1	97	1	1	28	1095
0.96	1	2	97	1	2	28	1095
0.961	1	1	97	2	1	28	1095
0.961	1	2	97	2	2	28	1095
0.962	1	1	97	3	1	28	1095
0.962	1	2	97	3	2	28	1095
0.963	1	1	97	4	1	28	1095
0.963	1	2	97	4	2	28	1095
0.964	1	1	97	5	1	28	1095
0.964	1	2	97	5	2	28	1095
0.965	1	1	97	6	1	28	1095
0.965	1	2	97	6	2	28	1095
0.966	1	1	97	7	1	28	1095
0.966	1	2	97	7	2	28	1095
0.967	1	1	97	8	1	28	1095
0.967	1	2	97	8	2	28	1095
0.968	1	1	97	9	1	28	1095
0.968	1	2	97	9	2	28	1095
0.969	1	1	97	10	1	28	1095
0.969	1	2	97	10	2	28	1095
0.97	1	1	98	1	1	28	1095
0.97	1	2	98	1	2	28	1095
0.971	1	1	98	2	1	28	1095
0.971	1	2	98	2	2	28	1095
0.972	1	1	98	3	1	28	1095
0.972	1	2	98	3	2	28	1095
0.973	1	1	98	4	1	28	1095
0.973	1	2	98	4	2	28	1095
0.974	1	1	98	5	1	28	1095
0.974	1	2	98	5	2	28	1095
0.975	1	1	98	6	1	28	1095
0.975	1	2	98	6	2	28	1095
0.976	1	1	98	7	1	28	1095
0.976	1	2	98	7	2	28	1095
0.977	1	1	98	8	1	28	1095
0.977	1	2	98	8	2	28	1095
0.978	1	1	98	9	1	28	1095
0.978	1	2	98	9	2	28	1095
0.979	1	1	98	10	1	28	1095
0.979	1	2	98	10	2	28	1095
0.98	1	1	99	1	1	28	1095
0.98	1	2	99	1	2	28	1095
0.981	1	1	99	2	1	28	1095
0.981	1	2	99	2	2	28	1095
0.982	1	1	99	3	1	28	1095
0.982	1	2	99	3	2	28	1095
0.983	1	1	99	4	1	28	1095
0.983	1	2	99	4	2	28	1095
0.984	1	1	99	5	1	28	1095
0.984	1	2	99	5	2	28	1095
0.985	1	1	99	6	1	28	1095
0.985	1	2	99	6	2	28	1095
0.986	1	1	99	7	1	28	1095
0.986	1	2	99	7	2	28	1095
0.987	1	1	99	8	1	28	1095
0.987	1	2	99	8	2	28	1095
0.988	1	1	99	9	1	28	1095
0.988	1	2	99	9	2	28	1095
0.989	1	1	99	10	1	28	1095
0.989	1	2	99	10	2	28	1095
0.99	1	1	100	1	1	28	1095
0.99	1	2	100	1	2	28	1095
0.991	1	1	100	2	1	28	1095
0.991	1	2	100	2	2	28	1095
0.992	1	1	100	3	1	28	1095
0.992	1	2	100	3	2	28	1095
0.993	1	1	100	4	1	28	1095
0.993	1	2	100	4	2	28	1095
0.994	1	1	100	5	1	28	1095
0.994	1	2	100	5	2	28	1095
0.995	1	1	100	6	1	28	1095
0.995	1	2	100	6	2	28	1095
0.996	1	1	100	7	1	28	1095
0.996	1	2	100	7	2	28	1095
0.997	1	1	100	8	1	28	1095
0.997	1	2	100	8	2	28	1095
0.998	1	1	100	9	1	28	1095
0.998	1	2	100	9	2	28	1095
0.999	1	1	100	10	1	28	1095
0.999	1	2	100	10	2	28	1095
