% time	cellId	IMSI	frame	sframe	RNTI	mcsTb1	sizeTb1	mcsTb2	sizeTb2
0.021	1	5	3	2	1	0	81	0	0
0.022	1	3	3	3	2	0	81	0	0
0.023	1	1	3	4	3	0	81	0	0
0.024	1	4	3	5	4	0	81	0	0
0.025	1	5	3	6	1	0	81	0	0
0.026	1	2	3	7	7	0	81	0	0
0.027	1	6	3	8	8	0	81	0	0
0.028	1	3	3	9	2	28	2196	0	0
0.029	1	1	3	10	3	28	2196	0	0
0.03	1	4	4	1	4	28	2196	0	0
0.031	1	2	4	2	7	28	2196	0	0
0.032	1	6	4	3	8	28	2196	0	0
0.033	1	5	4	4	1	28	2196	0	0
0.034	1	3	4	5	2	28	2196	0	0
0.035	1	1	4	6	3	28	2196	0	0
0.036	1	4	4	7	4	28	2196	0	0
0.037	1	2	4	8	7	28	2196	0	0
0.038	1	6	4	9	8	28	2196	0	0
0.039	1	5	4	10	1	28	2196	0	0
0.04	1	3	5	1	2	28	2196	0	0
0.041	1	1	5	2	3	28	2196	0	0
0.042	1	4	5	3	4	28	2196	0	0
0.043	1	2	5	4	7	28	2196	0	0
0.044	1	6	5	5	8	28	2196	0	0
0.045	1	5	5	6	1	28	2196	0	0
0.046	1	3	5	7	2	28	2196	0	0
0.047	1	1	5	8	3	28	2196	0	0
0.048	1	4	5	9	4	28	2196	0	0
0.049	1	2	5	10	7	28	2196	0	0
0.05	1	6	6	1	8	28	2196	0	0
0.051	1	5	6	2	1	28	2196	0	0
0.052	1	3	6	3	2	28	2196	0	0
0.053	1	1	6	4	3	28	2196	0	0
0.054	1	4	6	5	4	28	2196	0	0
0.055	1	2	6	6	7	28	2196	0	0
0.056	1	6	6	7	8	28	2196	0	0
0.057	1	5	6	8	1	28	2196	0	0
0.058	1	3	6	9	2	28	2196	0	0
0.059	1	1	6	10	3	28	2196	0	0
0.06	1	4	7	1	4	28	2196	0	0
0.061	1	2	7	2	7	28	2196	0	0
0.062	1	6	7	3	8	28	2196	0	0
0.063	1	5	7	4	1	28	2196	0	0
0.064	1	3	7	5	2	28	2196	0	0
0.065	1	1	7	6	3	28	2196	0	0
0.066	1	4	7	7	4	28	2196	0	0
0.067	1	2	7	8	7	28	2196	0	0
0.068	1	6	7	9	8	28	2196	0	0
0.069	1	5	7	10	1	28	2196	0	0
0.07	1	3	8	1	2	28	2196	0	0
0.071	1	1	8	2	3	28	2196	0	0
0.072	1	4	8	3	4	28	2196	0	0
0.073	1	2	8	4	7	28	2196	0	0
0.074	1	6	8	5	8	28	2196	0	0
0.075	1	5	8	6	1	28	2196	0	0
0.076	1	3	8	7	2	28	2196	0	0
0.077	1	1	8	8	3	28	2196	0	0
0.078	1	4	8	9	4	28	2196	0	0
0.079	1	2	8	10	7	28	2196	0	0
0.08	1	6	9	1	8	28	2196	0	0
0.081	1	5	9	2	1	28	2196	0	0
0.082	1	3	9	3	2	28	2196	0	0
0.083	1	1	9	4	3	28	2196	0	0
0.084	1	4	9	5	4	28	2196	0	0
0.085	1	2	9	6	7	28	2196	0	0
0.086	1	6	9	7	8	28	2196	0	0
0.087	1	5	9	8	1	28	2196	0	0
0.088	1	3	9	9	2	28	2196	0	0
0.089	1	1	9	10	3	28	2196	0	0
0.09	1	4	10	1	4	28	2196	0	0
0.091	1	2	10	2	7	28	2196	0	0
0.092	1	6	10	3	8	28	2196	0	0
0.093	1	5	10	4	1	28	2196	0	0
0.094	1	3	10	5	2	28	2196	0	0
0.095	1	1	10	6	3	28	2196	0	0
0.096	1	4	10	7	4	28	2196	0	0
0.097	1	2	10	8	7	28	2196	0	0
0.098	1	6	10	9	8	28	2196	0	0
0.099	1	5	10	10	1	28	2196	0	0
0.1	1	3	11	1	2	28	2196	0	0
0.101	1	1	11	2	3	28	2196	0	0
0.102	1	4	11	3	4	28	2196	0	0
0.103	1	2	11	4	7	28	2196	0	0
0.104	1	6	11	5	8	28	2196	0	0
0.105	1	5	11	6	1	28	2196	0	0
0.106	1	3	11	7	2	28	2196	0	0
0.107	1	1	11	8	3	28	2196	0	0
0.108	1	4	11	9	4	28	2196	0	0
0.109	1	2	11	10	7	28	2196	0	0
0.11	1	6	12	1	8	28	2196	0	0
0.111	1	5	12	2	1	28	2196	0	0
0.112	1	3	12	3	2	28	2196	0	0
0.113	1	1	12	4	3	28	2196	0	0
0.114	1	4	12	5	4	28	2196	0	0
0.115	1	2	12	6	7	28	2196	0	0
0.116	1	6	12	7	8	28	2196	0	0
0.117	1	5	12	8	1	28	2196	0	0
0.118	1	3	12	9	2	28	2196	0	0
0.119	1	1	12	10	3	28	2196	0	0
0.12	1	4	13	1	4	28	2196	0	0
0.121	1	2	13	2	7	28	2196	0	0
0.122	1	6	13	3	8	28	2196	0	0
0.123	1	5	13	4	1	28	2196	0	0
0.124	1	3	13	5	2	28	2196	0	0
0.125	1	1	13	6	3	28	2196	0	0
0.126	1	4	13	7	4	28	2196	0	0
0.127	1	2	13	8	7	28	2196	0	0
0.128	1	6	13	9	8	28	2196	0	0
0.129	1	5	13	10	1	28	2196	0	0
0.13	1	3	14	1	2	28	2196	0	0
0.131	1	1	14	2	3	28	2196	0	0
0.132	1	4	14	3	4	28	2196	0	0
0.133	1	2	14	4	7	28	2196	0	0
0.134	1	6	14	5	8	28	2196	0	0
0.135	1	5	14	6	1	28	2196	0	0
0.136	1	3	14	7	2	28	2196	0	0
0.137	1	1	14	8	3	28	2196	0	0
0.138	1	4	14	9	4	28	2196	0	0
0.139	1	2	14	10	7	28	2196	0	0
0.14	1	6	15	1	8	28	2196	0	0
0.141	1	5	15	2	1	28	2196	0	0
0.142	1	3	15	3	2	28	2196	0	0
0.143	1	1	15	4	3	28	2196	0	0
0.144	1	4	15	5	4	28	2196	0	0
0.145	1	2	15	6	7	28	2196	0	0
0.146	1	6	15	7	8	28	2196	0	0
0.147	1	5	15	8	1	28	2196	0	0
0.148	1	3	15	9	2	28	2196	0	0
0.149	1	1	15	10	3	28	2196	0	0
0.15	1	4	16	1	4	28	2196	0	0
0.151	1	2	16	2	7	28	2196	0	0
0.152	1	6	16	3	8	28	2196	0	0
0.153	1	5	16	4	1	28	2196	0	0
0.154	1	3	16	5	2	28	2196	0	0
0.155	1	1	16	6	3	28	2196	0	0
0.156	1	4	16	7	4	28	2196	0	0
0.157	1	2	16	8	7	28	2196	0	0
0.158	1	6	16	9	8	28	2196	0	0
0.159	1	5	16	10	1	28	2196	0	0
0.16	1	3	17	1	2	28	2196	0	0
0.161	1	1	17	2	3	28	2196	0	0
0.162	1	4	17	3	4	28	2196	0	0
0.163	1	2	17	4	7	28	2196	0	0
0.164	1	6	17	5	8	28	2196	0	0
0.165	1	5	17	6	1	28	2196	0	0
0.166	1	3	17	7	2	28	2196	0	0
0.167	1	1	17	8	3	28	2196	0	0
0.168	1	4	17	9	4	28	2196	0	0
0.169	1	2	17	10	7	28	2196	0	0
0.17	1	6	18	1	8	28	2196	0	0
0.171	1	5	18	2	1	28	2196	0	0
0.172	1	3	18	3	2	28	2196	0	0
0.173	1	1	18	4	3	28	2196	0	0
0.174	1	4	18	5	4	28	2196	0	0
0.175	1	2	18	6	7	28	2196	0	0
0.176	1	6	18	7	8	28	2196	0	0
0.177	1	5	18	8	1	28	2196	0	0
0.178	1	3	18	9	2	28	2196	0	0
0.179	1	1	18	10	3	28	2196	0	0
0.18	1	4	19	1	4	28	2196	0	0
0.181	1	2	19	2	7	28	2196	0	0
0.182	1	6	19	3	8	28	2196	0	0
0.183	1	5	19	4	1	28	2196	0	0
0.184	1	3	19	5	2	28	2196	0	0
0.185	1	1	19	6	3	28	2196	0	0
0.186	1	4	19	7	4	28	2196	0	0
0.187	1	2	19	8	7	28	2196	0	0
0.188	1	6	19	9	8	28	2196	0	0
0.189	1	5	19	10	1	28	2196	0	0
0.19	1	3	20	1	2	28	2196	0	0
0.191	1	1	20	2	3	28	2196	0	0
0.192	1	4	20	3	4	28	2196	0	0
0.193	1	2	20	4	7	28	2196	0	0
0.194	1	6	20	5	8	28	2196	0	0
0.195	1	5	20	6	1	28	2196	0	0
0.196	1	3	20	7	2	28	2196	0	0
0.197	1	1	20	8	3	28	2196	0	0
0.198	1	4	20	9	4	28	2196	0	0
0.199	1	2	20	10	7	28	2196	0	0
0.2	1	6	21	1	8	28	2196	0	0
0.201	1	5	21	2	1	28	2196	0	0
0.202	1	3	21	3	2	28	2196	0	0
0.203	1	1	21	4	3	28	2196	0	0
0.204	1	4	21	5	4	28	2196	0	0
0.205	1	2	21	6	7	28	2196	0	0
0.206	1	6	21	7	8	28	2196	0	0
0.207	1	5	21	8	1	28	2196	0	0
0.208	1	3	21	9	2	28	2196	0	0
0.209	1	1	21	10	3	28	2196	0	0
0.21	1	4	22	1	4	28	2196	0	0
0.211	1	2	22	2	7	28	2196	0	0
0.212	1	6	22	3	8	28	2196	0	0
0.213	1	5	22	4	1	28	2196	0	0
0.214	1	3	22	5	2	28	2196	0	0
0.215	1	1	22	6	3	28	2196	0	0
0.216	1	4	22	7	4	28	2196	0	0
0.217	1	2	22	8	7	28	2196	0	0
0.218	1	6	22	9	8	28	2196	0	0
0.219	1	5	22	10	1	28	2196	0	0
0.22	1	3	23	1	2	28	2196	0	0
0.221	1	1	23	2	3	28	2196	0	0
0.222	1	4	23	3	4	28	2196	0	0
0.223	1	2	23	4	7	28	2196	0	0
0.224	1	6	23	5	8	28	2196	0	0
0.225	1	5	23	6	1	28	2196	0	0
0.226	1	3	23	7	2	28	2196	0	0
0.227	1	1	23	8	3	28	2196	0	0
0.228	1	4	23	9	4	28	2196	0	0
0.229	1	2	23	10	7	28	2196	0	0
0.23	1	6	24	1	8	28	2196	0	0
0.231	1	5	24	2	1	28	2196	0	0
0.232	1	3	24	3	2	28	2196	0	0
0.233	1	1	24	4	3	28	2196	0	0
0.234	1	4	24	5	4	28	2196	0	0
0.235	1	2	24	6	7	28	2196	0	0
0.236	1	6	24	7	8	28	2196	0	0
0.237	1	5	24	8	1	28	2196	0	0
0.238	1	3	24	9	2	28	2196	0	0
0.239	1	1	24	10	3	28	2196	0	0
0.24	1	4	25	1	4	28	2196	0	0
0.241	1	2	25	2	7	28	2196	0	0
0.242	1	6	25	3	8	28	2196	0	0
0.243	1	5	25	4	1	28	2196	0	0
0.244	1	3	25	5	2	28	2196	0	0
0.245	1	1	25	6	3	28	2196	0	0
0.246	1	4	25	7	4	28	2196	0	0
0.247	1	2	25	8	7	28	2196	0	0
0.248	1	6	25	9	8	28	2196	0	0
0.249	1	5	25	10	1	28	2196	0	0
0.25	1	3	26	1	2	28	2196	0	0
0.251	1	1	26	2	3	28	2196	0	0
0.252	1	4	26	3	4	28	2196	0	0
0.253	1	2	26	4	7	28	2196	0	0
0.254	1	6	26	5	8	28	2196	0	0
0.255	1	5	26	6	1	28	2196	0	0
0.256	1	3	26	7	2	28	2196	0	0
0.257	1	1	26	8	3	28	2196	0	0
0.258	1	4	26	9	4	28	2196	0	0
0.259	1	2	26	10	7	28	2196	0	0
0.26	1	6	27	1	8	28	2196	0	0
0.261	1	5	27	2	1	28	2196	0	0
0.262	1	3	27	3	2	28	2196	0	0
0.263	1	1	27	4	3	28	2196	0	0
0.264	1	4	27	5	4	28	2196	0	0
0.265	1	2	27	6	7	28	2196	0	0
0.266	1	6	27	7	8	28	2196	0	0
0.267	1	5	27	8	1	28	2196	0	0
0.268	1	3	27	9	2	28	2196	0	0
0.269	1	1	27	10	3	28	2196	0	0
0.27	1	4	28	1	4	28	2196	0	0
0.271	1	2	28	2	7	28	2196	0	0
0.272	1	6	28	3	8	28	2196	0	0
0.273	1	5	28	4	1	28	2196	0	0
0.274	1	3	28	5	2	28	2196	0	0
0.275	1	1	28	6	3	28	2196	0	0
0.276	1	4	28	7	4	28	2196	0	0
0.277	1	2	28	8	7	28	2196	0	0
0.278	1	6	28	9	8	28	2196	0	0
0.279	1	5	28	10	1	28	2196	0	0
0.28	1	3	29	1	2	28	2196	0	0
0.281	1	1	29	2	3	28	2196	0	0
0.282	1	4	29	3	4	28	2196	0	0
0.283	1	2	29	4	7	28	2196	0	0
0.284	1	6	29	5	8	28	2196	0	0
0.285	1	5	29	6	1	28	2196	0	0
0.286	1	3	29	7	2	28	2196	0	0
0.287	1	1	29	8	3	28	2196	0	0
0.288	1	4	29	9	4	28	2196	0	0
0.289	1	2	29	10	7	28	2196	0	0
0.29	1	6	30	1	8	28	2196	0	0
0.291	1	5	30	2	1	28	2196	0	0
0.292	1	3	30	3	2	28	2196	0	0
0.293	1	1	30	4	3	28	2196	0	0
0.294	1	4	30	5	4	28	2196	0	0
0.295	1	2	30	6	7	28	2196	0	0
0.296	1	6	30	7	8	28	2196	0	0
0.297	1	5	30	8	1	28	2196	0	0
0.298	1	3	30	9	2	28	2196	0	0
0.299	1	1	30	10	3	28	2196	0	0
0.3	1	4	31	1	4	28	2196	0	0
0.301	1	2	31	2	7	28	2196	0	0
0.302	1	6	31	3	8	28	2196	0	0
0.303	1	5	31	4	1	28	2196	0	0
0.304	1	3	31	5	2	28	2196	0	0
0.305	1	1	31	6	3	28	2196	0	0
0.306	1	4	31	7	4	28	2196	0	0
0.307	1	2	31	8	7	28	2196	0	0
0.308	1	6	31	9	8	28	2196	0	0
0.309	1	5	31	10	1	28	2196	0	0
0.31	1	3	32	1	2	28	2196	0	0
0.311	1	1	32	2	3	28	2196	0	0
0.312	1	4	32	3	4	28	2196	0	0
0.313	1	2	32	4	7	28	2196	0	0
0.314	1	6	32	5	8	28	2196	0	0
0.315	1	5	32	6	1	28	2196	0	0
0.316	1	3	32	7	2	28	2196	0	0
0.317	1	1	32	8	3	28	2196	0	0
0.318	1	4	32	9	4	28	2196	0	0
0.319	1	2	32	10	7	28	2196	0	0
0.32	1	6	33	1	8	28	2196	0	0
0.321	1	5	33	2	1	28	2196	0	0
0.322	1	3	33	3	2	28	2196	0	0
0.323	1	1	33	4	3	28	2196	0	0
0.324	1	4	33	5	4	28	2196	0	0
0.325	1	2	33	6	7	28	2196	0	0
0.326	1	6	33	7	8	28	2196	0	0
0.327	1	5	33	8	1	28	2196	0	0
0.328	1	3	33	9	2	28	2196	0	0
0.329	1	1	33	10	3	28	2196	0	0
0.33	1	4	34	1	4	28	2196	0	0
0.331	1	2	34	2	7	28	2196	0	0
0.332	1	6	34	3	8	28	2196	0	0
0.333	1	5	34	4	1	28	2196	0	0
0.334	1	3	34	5	2	28	2196	0	0
0.335	1	1	34	6	3	28	2196	0	0
0.336	1	4	34	7	4	28	2196	0	0
0.337	1	2	34	8	7	28	2196	0	0
0.338	1	6	34	9	8	28	2196	0	0
0.339	1	5	34	10	1	28	2196	0	0
0.34	1	3	35	1	2	28	2196	0	0
0.341	1	1	35	2	3	28	2196	0	0
0.342	1	4	35	3	4	28	2196	0	0
0.343	1	2	35	4	7	28	2196	0	0
0.344	1	6	35	5	8	28	2196	0	0
0.345	1	5	35	6	1	28	2196	0	0
0.346	1	3	35	7	2	28	2196	0	0
0.347	1	1	35	8	3	28	2196	0	0
0.348	1	4	35	9	4	28	2196	0	0
0.349	1	2	35	10	7	28	2196	0	0
0.35	1	6	36	1	8	28	2196	0	0
0.351	1	5	36	2	1	28	2196	0	0
0.352	1	3	36	3	2	28	2196	0	0
0.353	1	1	36	4	3	28	2196	0	0
0.354	1	4	36	5	4	28	2196	0	0
0.355	1	2	36	6	7	28	2196	0	0
0.356	1	6	36	7	8	28	2196	0	0
0.357	1	5	36	8	1	28	2196	0	0
0.358	1	3	36	9	2	28	2196	0	0
0.359	1	1	36	10	3	28	2196	0	0
0.36	1	4	37	1	4	28	2196	0	0
0.361	1	2	37	2	7	28	2196	0	0
0.362	1	6	37	3	8	28	2196	0	0
0.363	1	5	37	4	1	28	2196	0	0
0.364	1	3	37	5	2	28	2196	0	0
0.365	1	1	37	6	3	28	2196	0	0
0.366	1	4	37	7	4	28	2196	0	0
0.367	1	2	37	8	7	28	2196	0	0
0.368	1	6	37	9	8	28	2196	0	0
0.369	1	5	37	10	1	28	2196	0	0
0.37	1	3	38	1	2	28	2196	0	0
0.371	1	1	38	2	3	28	2196	0	0
0.372	1	4	38	3	4	28	2196	0	0
0.373	1	2	38	4	7	28	2196	0	0
0.374	1	6	38	5	8	28	2196	0	0
0.375	1	5	38	6	1	28	2196	0	0
0.376	1	3	38	7	2	28	2196	0	0
0.377	1	1	38	8	3	28	2196	0	0
0.378	1	4	38	9	4	28	2196	0	0
0.379	1	2	38	10	7	28	2196	0	0
0.38	1	6	39	1	8	28	2196	0	0
0.381	1	5	39	2	1	28	2196	0	0
0.382	1	3	39	3	2	28	2196	0	0
0.383	1	1	39	4	3	28	2196	0	0
0.384	1	4	39	5	4	28	2196	0	0
0.385	1	2	39	6	7	28	2196	0	0
0.386	1	6	39	7	8	28	2196	0	0
0.387	1	5	39	8	1	28	2196	0	0
0.388	1	3	39	9	2	28	2196	0	0
0.389	1	1	39	10	3	28	2196	0	0
0.39	1	4	40	1	4	28	2196	0	0
0.391	1	2	40	2	7	28	2196	0	0
0.392	1	6	40	3	8	28	2196	0	0
0.393	1	5	40	4	1	28	2196	0	0
0.394	1	3	40	5	2	28	2196	0	0
0.395	1	1	40	6	3	28	2196	0	0
0.396	1	4	40	7	4	28	2196	0	0
0.397	1	2	40	8	7	28	2196	0	0
0.398	1	6	40	9	8	28	2196	0	0
0.399	1	5	40	10	1	28	2196	0	0
0.4	1	3	41	1	2	28	2196	0	0
0.401	1	1	41	2	3	28	2196	0	0
0.402	1	4	41	3	4	28	2196	0	0
0.403	1	2	41	4	7	28	2196	0	0
0.404	1	6	41	5	8	28	2196	0	0
0.405	1	5	41	6	1	28	2196	0	0
0.406	1	3	41	7	2	28	2196	0	0
0.407	1	1	41	8	3	28	2196	0	0
0.408	1	4	41	9	4	28	2196	0	0
0.409	1	2	41	10	7	28	2196	0	0
0.41	1	6	42	1	8	28	2196	0	0
0.411	1	5	42	2	1	28	2196	0	0
0.412	1	3	42	3	2	28	2196	0	0
0.413	1	1	42	4	3	28	2196	0	0
0.414	1	4	42	5	4	28	2196	0	0
0.415	1	2	42	6	7	28	2196	0	0
0.416	1	6	42	7	8	28	2196	0	0
0.417	1	5	42	8	1	28	2196	0	0
0.418	1	3	42	9	2	28	2196	0	0
0.419	1	1	42	10	3	28	2196	0	0
0.42	1	4	43	1	4	28	2196	0	0
0.421	1	2	43	2	7	28	2196	0	0
0.422	1	6	43	3	8	28	2196	0	0
0.423	1	5	43	4	1	28	2196	0	0
0.424	1	3	43	5	2	28	2196	0	0
0.425	1	1	43	6	3	28	2196	0	0
0.426	1	4	43	7	4	28	2196	0	0
0.427	1	2	43	8	7	28	2196	0	0
0.428	1	6	43	9	8	28	2196	0	0
0.429	1	5	43	10	1	28	2196	0	0
0.43	1	3	44	1	2	28	2196	0	0
0.431	1	1	44	2	3	28	2196	0	0
0.432	1	4	44	3	4	28	2196	0	0
0.433	1	2	44	4	7	28	2196	0	0
0.434	1	6	44	5	8	28	2196	0	0
0.435	1	5	44	6	1	28	2196	0	0
0.436	1	3	44	7	2	28	2196	0	0
0.437	1	1	44	8	3	28	2196	0	0
0.438	1	4	44	9	4	28	2196	0	0
0.439	1	2	44	10	7	28	2196	0	0
0.44	1	6	45	1	8	28	2196	0	0
0.441	1	5	45	2	1	28	2196	0	0
0.442	1	3	45	3	2	28	2196	0	0
0.443	1	1	45	4	3	28	2196	0	0
0.444	1	4	45	5	4	28	2196	0	0
0.445	1	2	45	6	7	28	2196	0	0
0.446	1	6	45	7	8	28	2196	0	0
0.447	1	5	45	8	1	28	2196	0	0
0.448	1	3	45	9	2	28	2196	0	0
0.449	1	1	45	10	3	28	2196	0	0
0.45	1	4	46	1	4	28	2196	0	0
0.451	1	2	46	2	7	28	2196	0	0
0.452	1	6	46	3	8	28	2196	0	0
0.453	1	5	46	4	1	28	2196	0	0
0.454	1	3	46	5	2	28	2196	0	0
0.455	1	1	46	6	3	28	2196	0	0
0.456	1	4	46	7	4	28	2196	0	0
0.457	1	2	46	8	7	28	2196	0	0
0.458	1	6	46	9	8	28	2196	0	0
0.459	1	5	46	10	1	28	2196	0	0
0.46	1	3	47	1	2	28	2196	0	0
0.461	1	1	47	2	3	28	2196	0	0
0.462	1	4	47	3	4	28	2196	0	0
0.463	1	2	47	4	7	28	2196	0	0
0.464	1	6	47	5	8	28	2196	0	0
0.465	1	5	47	6	1	28	2196	0	0
0.466	1	3	47	7	2	28	2196	0	0
0.467	1	1	47	8	3	28	2196	0	0
0.468	1	4	47	9	4	28	2196	0	0
0.469	1	2	47	10	7	28	2196	0	0
0.47	1	6	48	1	8	28	2196	0	0
0.471	1	5	48	2	1	28	2196	0	0
0.472	1	3	48	3	2	28	2196	0	0
0.473	1	1	48	4	3	28	2196	0	0
0.474	1	4	48	5	4	28	2196	0	0
0.475	1	2	48	6	7	28	2196	0	0
0.476	1	6	48	7	8	28	2196	0	0
0.477	1	5	48	8	1	28	2196	0	0
0.478	1	3	48	9	2	28	2196	0	0
0.479	1	1	48	10	3	28	2196	0	0
0.48	1	4	49	1	4	28	2196	0	0
0.481	1	2	49	2	7	28	2196	0	0
0.482	1	6	49	3	8	28	2196	0	0
0.483	1	5	49	4	1	28	2196	0	0
0.484	1	3	49	5	2	28	2196	0	0
0.485	1	1	49	6	3	28	2196	0	0
0.486	1	4	49	7	4	28	2196	0	0
0.487	1	2	49	8	7	28	2196	0	0
0.488	1	6	49	9	8	28	2196	0	0
0.489	1	5	49	10	1	28	2196	0	0
0.49	1	3	50	1	2	28	2196	0	0
0.491	1	1	50	2	3	28	2196	0	0
0.492	1	4	50	3	4	28	2196	0	0
0.493	1	2	50	4	7	28	2196	0	0
0.494	1	6	50	5	8	28	2196	0	0
0.495	1	5	50	6	1	28	2196	0	0
0.496	1	3	50	7	2	28	2196	0	0
0.497	1	1	50	8	3	28	2196	0	0
0.498	1	4	50	9	4	28	2196	0	0
0.499	1	2	50	10	7	28	2196	0	0
0.5	1	6	51	1	8	28	2196	0	0
0.501	1	5	51	2	1	28	2196	0	0
0.502	1	3	51	3	2	28	2196	0	0
0.503	1	1	51	4	3	28	2196	0	0
0.504	1	4	51	5	4	28	2196	0	0
0.505	1	2	51	6	7	28	2196	0	0
0.506	1	6	51	7	8	28	2196	0	0
0.507	1	5	51	8	1	28	2196	0	0
0.508	1	3	51	9	2	28	2196	0	0
0.509	1	1	51	10	3	28	2196	0	0
0.51	1	4	52	1	4	28	2196	0	0
0.511	1	2	52	2	7	28	2196	0	0
0.512	1	6	52	3	8	28	2196	0	0
0.513	1	5	52	4	1	28	2196	0	0
0.514	1	3	52	5	2	28	2196	0	0
0.515	1	1	52	6	3	28	2196	0	0
0.516	1	4	52	7	4	28	2196	0	0
0.517	1	2	52	8	7	28	2196	0	0
0.518	1	6	52	9	8	28	2196	0	0
0.519	1	5	52	10	1	28	2196	0	0
0.52	1	3	53	1	2	28	2196	0	0
0.521	1	1	53	2	3	28	2196	0	0
0.522	1	4	53	3	4	28	2196	0	0
0.523	1	2	53	4	7	28	2196	0	0
0.524	1	6	53	5	8	28	2196	0	0
0.525	1	5	53	6	1	28	2196	0	0
0.526	1	3	53	7	2	28	2196	0	0
0.527	1	1	53	8	3	28	2196	0	0
0.528	1	4	53	9	4	28	2196	0	0
0.529	1	2	53	10	7	28	2196	0	0
0.53	1	6	54	1	8	28	2196	0	0
0.531	1	5	54	2	1	28	2196	0	0
0.532	1	3	54	3	2	28	2196	0	0
0.533	1	1	54	4	3	28	2196	0	0
0.534	1	4	54	5	4	28	2196	0	0
0.535	1	2	54	6	7	28	2196	0	0
0.536	1	6	54	7	8	28	2196	0	0
0.537	1	5	54	8	1	28	2196	0	0
0.538	1	3	54	9	2	28	2196	0	0
0.539	1	1	54	10	3	28	2196	0	0
0.54	1	4	55	1	4	28	2196	0	0
0.541	1	2	55	2	7	28	2196	0	0
0.542	1	6	55	3	8	28	2196	0	0
0.543	1	5	55	4	1	28	2196	0	0
0.544	1	3	55	5	2	28	2196	0	0
0.545	1	1	55	6	3	28	2196	0	0
0.546	1	4	55	7	4	28	2196	0	0
0.547	1	2	55	8	7	28	2196	0	0
0.548	1	6	55	9	8	28	2196	0	0
0.549	1	5	55	10	1	28	2196	0	0
0.55	1	3	56	1	2	28	2196	0	0
0.551	1	1	56	2	3	28	2196	0	0
0.552	1	4	56	3	4	28	2196	0	0
0.553	1	2	56	4	7	28	2196	0	0
0.554	1	6	56	5	8	28	2196	0	0
0.555	1	5	56	6	1	28	2196	0	0
0.556	1	3	56	7	2	28	2196	0	0
0.557	1	1	56	8	3	28	2196	0	0
0.558	1	4	56	9	4	28	2196	0	0
0.559	1	2	56	10	7	28	2196	0	0
0.56	1	6	57	1	8	28	2196	0	0
0.561	1	5	57	2	1	28	2196	0	0
0.562	1	3	57	3	2	28	2196	0	0
0.563	1	1	57	4	3	28	2196	0	0
0.564	1	4	57	5	4	28	2196	0	0
0.565	1	2	57	6	7	28	2196	0	0
0.566	1	6	57	7	8	28	2196	0	0
0.567	1	5	57	8	1	28	2196	0	0
0.568	1	3	57	9	2	28	2196	0	0
0.569	1	1	57	10	3	28	2196	0	0
0.57	1	4	58	1	4	28	2196	0	0
0.571	1	2	58	2	7	28	2196	0	0
0.572	1	6	58	3	8	28	2196	0	0
0.573	1	5	58	4	1	28	2196	0	0
0.574	1	3	58	5	2	28	2196	0	0
0.575	1	1	58	6	3	28	2196	0	0
0.576	1	4	58	7	4	28	2196	0	0
0.577	1	2	58	8	7	28	2196	0	0
0.578	1	6	58	9	8	28	2196	0	0
0.579	1	5	58	10	1	28	2196	0	0
0.58	1	3	59	1	2	28	2196	0	0
0.581	1	1	59	2	3	28	2196	0	0
0.582	1	4	59	3	4	28	2196	0	0
0.583	1	2	59	4	7	28	2196	0	0
0.584	1	6	59	5	8	28	2196	0	0
0.585	1	5	59	6	1	28	2196	0	0
0.586	1	3	59	7	2	28	2196	0	0
0.587	1	1	59	8	3	28	2196	0	0
0.588	1	4	59	9	4	28	2196	0	0
0.589	1	2	59	10	7	28	2196	0	0
0.59	1	6	60	1	8	28	2196	0	0
0.591	1	5	60	2	1	28	2196	0	0
0.592	1	3	60	3	2	28	2196	0	0
0.593	1	1	60	4	3	28	2196	0	0
0.594	1	4	60	5	4	28	2196	0	0
0.595	1	2	60	6	7	28	2196	0	0
0.596	1	6	60	7	8	28	2196	0	0
0.597	1	5	60	8	1	28	2196	0	0
0.598	1	3	60	9	2	28	2196	0	0
0.599	1	1	60	10	3	28	2196	0	0
0.6	1	4	61	1	4	28	2196	0	0
0.601	1	2	61	2	7	28	2196	0	0
0.602	1	6	61	3	8	28	2196	0	0
0.603	1	5	61	4	1	28	2196	0	0
0.604	1	3	61	5	2	28	2196	0	0
0.605	1	1	61	6	3	28	2196	0	0
0.606	1	4	61	7	4	28	2196	0	0
0.607	1	2	61	8	7	28	2196	0	0
0.608	1	6	61	9	8	28	2196	0	0
0.609	1	5	61	10	1	28	2196	0	0
0.61	1	3	62	1	2	28	2196	0	0
0.611	1	1	62	2	3	28	2196	0	0
0.612	1	4	62	3	4	28	2196	0	0
0.613	1	2	62	4	7	28	2196	0	0
0.614	1	6	62	5	8	28	2196	0	0
0.615	1	5	62	6	1	28	2196	0	0
0.616	1	3	62	7	2	28	2196	0	0
0.617	1	1	62	8	3	28	2196	0	0
0.618	1	4	62	9	4	28	2196	0	0
0.619	1	2	62	10	7	28	2196	0	0
0.62	1	6	63	1	8	28	2196	0	0
0.621	1	5	63	2	1	28	2196	0	0
0.622	1	3	63	3	2	28	2196	0	0
0.623	1	1	63	4	3	28	2196	0	0
0.624	1	4	63	5	4	28	2196	0	0
0.625	1	2	63	6	7	28	2196	0	0
0.626	1	6	63	7	8	28	2196	0	0
0.627	1	5	63	8	1	28	2196	0	0
0.628	1	3	63	9	2	28	2196	0	0
0.629	1	1	63	10	3	28	2196	0	0
0.63	1	4	64	1	4	28	2196	0	0
0.631	1	2	64	2	7	28	2196	0	0
0.632	1	6	64	3	8	28	2196	0	0
0.633	1	5	64	4	1	28	2196	0	0
0.634	1	3	64	5	2	28	2196	0	0
0.635	1	1	64	6	3	28	2196	0	0
0.636	1	4	64	7	4	28	2196	0	0
0.637	1	2	64	8	7	28	2196	0	0
0.638	1	6	64	9	8	28	2196	0	0
0.639	1	5	64	10	1	28	2196	0	0
0.64	1	3	65	1	2	28	2196	0	0
0.641	1	1	65	2	3	28	2196	0	0
0.642	1	4	65	3	4	28	2196	0	0
0.643	1	2	65	4	7	28	2196	0	0
0.644	1	6	65	5	8	28	2196	0	0
0.645	1	5	65	6	1	28	2196	0	0
0.646	1	3	65	7	2	28	2196	0	0
0.647	1	1	65	8	3	28	2196	0	0
0.648	1	4	65	9	4	28	2196	0	0
0.649	1	2	65	10	7	28	2196	0	0
0.65	1	6	66	1	8	28	2196	0	0
0.651	1	5	66	2	1	28	2196	0	0
0.652	1	3	66	3	2	28	2196	0	0
0.653	1	1	66	4	3	28	2196	0	0
0.654	1	4	66	5	4	28	2196	0	0
0.655	1	2	66	6	7	28	2196	0	0
0.656	1	6	66	7	8	28	2196	0	0
0.657	1	5	66	8	1	28	2196	0	0
0.658	1	3	66	9	2	28	2196	0	0
0.659	1	1	66	10	3	28	2196	0	0
0.66	1	4	67	1	4	28	2196	0	0
0.661	1	2	67	2	7	28	2196	0	0
0.662	1	6	67	3	8	28	2196	0	0
0.663	1	5	67	4	1	28	2196	0	0
0.664	1	3	67	5	2	28	2196	0	0
0.665	1	1	67	6	3	28	2196	0	0
0.666	1	4	67	7	4	28	2196	0	0
0.667	1	2	67	8	7	28	2196	0	0
0.668	1	6	67	9	8	28	2196	0	0
0.669	1	5	67	10	1	28	2196	0	0
0.67	1	3	68	1	2	28	2196	0	0
0.671	1	1	68	2	3	28	2196	0	0
0.672	1	4	68	3	4	28	2196	0	0
0.673	1	2	68	4	7	28	2196	0	0
0.674	1	6	68	5	8	28	2196	0	0
0.675	1	5	68	6	1	28	2196	0	0
0.676	1	3	68	7	2	28	2196	0	0
0.677	1	1	68	8	3	28	2196	0	0
0.678	1	4	68	9	4	28	2196	0	0
0.679	1	2	68	10	7	28	2196	0	0
0.68	1	6	69	1	8	28	2196	0	0
0.681	1	5	69	2	1	28	2196	0	0
0.682	1	3	69	3	2	28	2196	0	0
0.683	1	1	69	4	3	28	2196	0	0
0.684	1	4	69	5	4	28	2196	0	0
0.685	1	2	69	6	7	28	2196	0	0
0.686	1	6	69	7	8	28	2196	0	0
0.687	1	5	69	8	1	28	2196	0	0
0.688	1	3	69	9	2	28	2196	0	0
0.689	1	1	69	10	3	28	2196	0	0
0.69	1	4	70	1	4	28	2196	0	0
0.691	1	2	70	2	7	28	2196	0	0
0.692	1	6	70	3	8	28	2196	0	0
0.693	1	5	70	4	1	28	2196	0	0
0.694	1	3	70	5	2	28	2196	0	0
0.695	1	1	70	6	3	28	2196	0	0
0.696	1	4	70	7	4	28	2196	0	0
0.697	1	2	70	8	7	28	2196	0	0
0.698	1	6	70	9	8	28	2196	0	0
0.699	1	5	70	10	1	28	2196	0	0
0.7	1	3	71	1	2	28	2196	0	0
0.701	1	1	71	2	3	28	2196	0	0
0.702	1	4	71	3	4	28	2196	0	0
0.703	1	2	71	4	7	28	2196	0	0
0.704	1	6	71	5	8	28	2196	0	0
0.705	1	5	71	6	1	28	2196	0	0
0.706	1	3	71	7	2	28	2196	0	0
0.707	1	1	71	8	3	28	2196	0	0
0.708	1	4	71	9	4	28	2196	0	0
0.709	1	2	71	10	7	28	2196	0	0
0.71	1	6	72	1	8	28	2196	0	0
0.711	1	5	72	2	1	28	2196	0	0
0.712	1	3	72	3	2	28	2196	0	0
0.713	1	1	72	4	3	28	2196	0	0
0.714	1	4	72	5	4	28	2196	0	0
0.715	1	2	72	6	7	28	2196	0	0
0.716	1	6	72	7	8	28	2196	0	0
0.717	1	5	72	8	1	28	2196	0	0
0.718	1	3	72	9	2	28	2196	0	0
0.719	1	1	72	10	3	28	2196	0	0
0.72	1	4	73	1	4	28	2196	0	0
0.721	1	2	73	2	7	28	2196	0	0
0.722	1	6	73	3	8	28	2196	0	0
0.723	1	5	73	4	1	28	2196	0	0
0.724	1	3	73	5	2	28	2196	0	0
0.725	1	1	73	6	3	28	2196	0	0
0.726	1	4	73	7	4	28	2196	0	0
0.727	1	2	73	8	7	28	2196	0	0
0.728	1	6	73	9	8	28	2196	0	0
0.729	1	5	73	10	1	28	2196	0	0
0.73	1	3	74	1	2	28	2196	0	0
0.731	1	1	74	2	3	28	2196	0	0
0.732	1	4	74	3	4	28	2196	0	0
0.733	1	2	74	4	7	28	2196	0	0
0.734	1	6	74	5	8	28	2196	0	0
0.735	1	5	74	6	1	28	2196	0	0
0.736	1	3	74	7	2	28	2196	0	0
0.737	1	1	74	8	3	28	2196	0	0
0.738	1	4	74	9	4	28	2196	0	0
0.739	1	2	74	10	7	28	2196	0	0
0.74	1	6	75	1	8	28	2196	0	0
0.741	1	5	75	2	1	28	2196	0	0
0.742	1	3	75	3	2	28	2196	0	0
0.743	1	1	75	4	3	28	2196	0	0
0.744	1	4	75	5	4	28	2196	0	0
0.745	1	2	75	6	7	28	2196	0	0
0.746	1	6	75	7	8	28	2196	0	0
0.747	1	5	75	8	1	28	2196	0	0
0.748	1	3	75	9	2	28	2196	0	0
0.749	1	1	75	10	3	28	2196	0	0
0.75	1	4	76	1	4	28	2196	0	0
0.751	1	2	76	2	7	28	2196	0	0
0.752	1	6	76	3	8	28	2196	0	0
0.753	1	5	76	4	1	28	2196	0	0
0.754	1	3	76	5	2	28	2196	0	0
0.755	1	1	76	6	3	28	2196	0	0
0.756	1	4	76	7	4	28	2196	0	0
0.757	1	2	76	8	7	28	2196	0	0
0.758	1	6	76	9	8	28	2196	0	0
0.759	1	5	76	10	1	28	2196	0	0
0.76	1	3	77	1	2	28	2196	0	0
0.761	1	1	77	2	3	28	2196	0	0
0.762	1	4	77	3	4	28	2196	0	0
0.763	1	2	77	4	7	28	2196	0	0
0.764	1	6	77	5	8	28	2196	0	0
0.765	1	5	77	6	1	28	2196	0	0
0.766	1	3	77	7	2	28	2196	0	0
0.767	1	1	77	8	3	28	2196	0	0
0.768	1	4	77	9	4	28	2196	0	0
0.769	1	2	77	10	7	28	2196	0	0
0.77	1	6	78	1	8	28	2196	0	0
0.771	1	5	78	2	1	28	2196	0	0
0.772	1	3	78	3	2	28	2196	0	0
0.773	1	1	78	4	3	28	2196	0	0
0.774	1	4	78	5	4	28	2196	0	0
0.775	1	2	78	6	7	28	2196	0	0
0.776	1	6	78	7	8	28	2196	0	0
0.777	1	5	78	8	1	28	2196	0	0
0.778	1	3	78	9	2	28	2196	0	0
0.779	1	1	78	10	3	28	2196	0	0
0.78	1	4	79	1	4	28	2196	0	0
0.781	1	2	79	2	7	28	2196	0	0
0.782	1	6	79	3	8	28	2196	0	0
0.783	1	5	79	4	1	28	2196	0	0
0.784	1	3	79	5	2	28	2196	0	0
0.785	1	1	79	6	3	28	2196	0	0
0.786	1	4	79	7	4	28	2196	0	0
0.787	1	2	79	8	7	28	2196	0	0
0.788	1	6	79	9	8	28	2196	0	0
0.789	1	5	79	10	1	28	2196	0	0
0.79	1	3	80	1	2	28	2196	0	0
0.791	1	1	80	2	3	28	2196	0	0
0.792	1	4	80	3	4	28	2196	0	0
0.793	1	2	80	4	7	28	2196	0	0
0.794	1	6	80	5	8	28	2196	0	0
0.795	1	5	80	6	1	28	2196	0	0
0.796	1	3	80	7	2	28	2196	0	0
0.797	1	1	80	8	3	28	2196	0	0
0.798	1	4	80	9	4	28	2196	0	0
0.799	1	2	80	10	7	28	2196	0	0
0.8	1	6	81	1	8	28	2196	0	0
0.801	1	5	81	2	1	28	2196	0	0
0.802	1	3	81	3	2	28	2196	0	0
0.803	1	1	81	4	3	28	2196	0	0
0.804	1	4	81	5	4	28	2196	0	0
0.805	1	2	81	6	7	28	2196	0	0
0.806	1	6	81	7	8	28	2196	0	0
0.807	1	5	81	8	1	28	2196	0	0
0.808	1	3	81	9	2	28	2196	0	0
0.809	1	1	81	10	3	28	2196	0	0
0.81	1	4	82	1	4	28	2196	0	0
0.811	1	2	82	2	7	28	2196	0	0
0.812	1	6	82	3	8	28	2196	0	0
0.813	1	5	82	4	1	28	2196	0	0
0.814	1	3	82	5	2	28	2196	0	0
0.815	1	1	82	6	3	28	2196	0	0
0.816	1	4	82	7	4	28	2196	0	0
0.817	1	2	82	8	7	28	2196	0	0
0.818	1	6	82	9	8	28	2196	0	0
0.819	1	5	82	10	1	28	2196	0	0
0.82	1	3	83	1	2	28	2196	0	0
0.821	1	1	83	2	3	28	2196	0	0
0.822	1	4	83	3	4	28	2196	0	0
0.823	1	2	83	4	7	28	2196	0	0
0.824	1	6	83	5	8	28	2196	0	0
0.825	1	5	83	6	1	28	2196	0	0
0.826	1	3	83	7	2	28	2196	0	0
0.827	1	1	83	8	3	28	2196	0	0
0.828	1	4	83	9	4	28	2196	0	0
0.829	1	2	83	10	7	28	2196	0	0
0.83	1	6	84	1	8	28	2196	0	0
0.831	1	5	84	2	1	28	2196	0	0
0.832	1	3	84	3	2	28	2196	0	0
0.833	1	1	84	4	3	28	2196	0	0
0.834	1	4	84	5	4	28	2196	0	0
0.835	1	2	84	6	7	28	2196	0	0
0.836	1	6	84	7	8	28	2196	0	0
0.837	1	5	84	8	1	28	2196	0	0
0.838	1	3	84	9	2	28	2196	0	0
0.839	1	1	84	10	3	28	2196	0	0
0.84	1	4	85	1	4	28	2196	0	0
0.841	1	2	85	2	7	28	2196	0	0
0.842	1	6	85	3	8	28	2196	0	0
0.843	1	5	85	4	1	28	2196	0	0
0.844	1	3	85	5	2	28	2196	0	0
0.845	1	1	85	6	3	28	2196	0	0
0.846	1	4	85	7	4	28	2196	0	0
0.847	1	2	85	8	7	28	2196	0	0
0.848	1	6	85	9	8	28	2196	0	0
0.849	1	5	85	10	1	28	2196	0	0
0.85	1	3	86	1	2	28	2196	0	0
0.851	1	1	86	2	3	28	2196	0	0
0.852	1	4	86	3	4	28	2196	0	0
0.853	1	2	86	4	7	28	2196	0	0
0.854	1	6	86	5	8	28	2196	0	0
0.855	1	5	86	6	1	28	2196	0	0
0.856	1	3	86	7	2	28	2196	0	0
0.857	1	1	86	8	3	28	2196	0	0
0.858	1	4	86	9	4	28	2196	0	0
0.859	1	2	86	10	7	28	2196	0	0
0.86	1	6	87	1	8	28	2196	0	0
0.861	1	5	87	2	1	28	2196	0	0
0.862	1	3	87	3	2	28	2196	0	0
0.863	1	1	87	4	3	28	2196	0	0
0.864	1	4	87	5	4	28	2196	0	0
0.865	1	2	87	6	7	28	2196	0	0
0.866	1	6	87	7	8	28	2196	0	0
0.867	1	5	87	8	1	28	2196	0	0
0.868	1	3	87	9	2	28	2196	0	0
0.869	1	1	87	10	3	28	2196	0	0
0.87	1	4	88	1	4	28	2196	0	0
0.871	1	2	88	2	7	28	2196	0	0
0.872	1	6	88	3	8	28	2196	0	0
0.873	1	5	88	4	1	28	2196	0	0
0.874	1	3	88	5	2	28	2196	0	0
0.875	1	1	88	6	3	28	2196	0	0
0.876	1	4	88	7	4	28	2196	0	0
0.877	1	2	88	8	7	28	2196	0	0
0.878	1	6	88	9	8	28	2196	0	0
0.879	1	5	88	10	1	28	2196	0	0
0.88	1	3	89	1	2	28	2196	0	0
0.881	1	1	89	2	3	28	2196	0	0
0.882	1	4	89	3	4	28	2196	0	0
0.883	1	2	89	4	7	28	2196	0	0
0.884	1	6	89	5	8	28	2196	0	0
0.885	1	5	89	6	1	28	2196	0	0
0.886	1	3	89	7	2	28	2196	0	0
0.887	1	1	89	8	3	28	2196	0	0
0.888	1	4	89	9	4	28	2196	0	0
0.889	1	2	89	10	7	28	2196	0	0
0.89	1	6	90	1	8	28	2196	0	0
0.891	1	5	90	2	1	28	2196	0	0
0.892	1	3	90	3	2	28	2196	0	0
0.893	1	1	90	4	3	28	2196	0	0
0.894	1	4	90	5	4	28	2196	0	0
0.895	1	2	90	6	7	28	2196	0	0
0.896	1	6	90	7	8	28	2196	0	0
0.897	1	5	90	8	1	28	2196	0	0
0.898	1	3	90	9	2	28	2196	0	0
0.899	1	1	90	10	3	28	2196	0	0
0.9	1	4	91	1	4	28	2196	0	0
0.901	1	2	91	2	7	28	2196	0	0
0.902	1	6	91	3	8	28	2196	0	0
0.903	1	5	91	4	1	28	2196	0	0
0.904	1	3	91	5	2	28	2196	0	0
0.905	1	1	91	6	3	28	2196	0	0
0.906	1	4	91	7	4	28	2196	0	0
0.907	1	2	91	8	7	28	2196	0	0
0.908	1	6	91	9	8	28	2196	0	0
0.909	1	5	91	10	1	28	2196	0	0
0.91	1	3	92	1	2	28	2196	0	0
0.911	1	1	92	2	3	28	2196	0	0
0.912	1	4	92	3	4	28	2196	0	0
0.913	1	2	92	4	7	28	2196	0	0
0.914	1	6	92	5	8	28	2196	0	0
0.915	1	5	92	6	1	28	2196	0	0
0.916	1	3	92	7	2	28	2196	0	0
0.917	1	1	92	8	3	28	2196	0	0
0.918	1	4	92	9	4	28	2196	0	0
0.919	1	2	92	10	7	28	2196	0	0
0.92	1	6	93	1	8	28	2196	0	0
0.921	1	5	93	2	1	28	2196	0	0
0.922	1	3	93	3	2	28	2196	0	0
0.923	1	1	93	4	3	28	2196	0	0
0.924	1	4	93	5	4	28	2196	0	0
0.925	1	2	93	6	7	28	2196	0	0
0.926	1	6	93	7	8	28	2196	0	0
0.927	1	5	93	8	1	28	2196	0	0
0.928	1	3	93	9	2	28	2196	0	0
0.929	1	1	93	10	3	28	2196	0	0
0.93	1	4	94	1	4	28	2196	0	0
0.931	1	2	94	2	7	28	2196	0	0
0.932	1	6	94	3	8	28	2196	0	0
0.933	1	5	94	4	1	28	2196	0	0
0.934	1	3	94	5	2	28	2196	0	0
0.935	1	1	94	6	3	28	2196	0	0
0.936	1	4	94	7	4	28	2196	0	0
0.937	1	2	94	8	7	28	2196	0	0
0.938	1	6	94	9	8	28	2196	0	0
0.939	1	5	94	10	1	28	2196	0	0
0.94	1	3	95	1	2	28	2196	0	0
0.941	1	1	95	2	3	28	2196	0	0
0.942	1	4	95	3	4	28	2196	0	0
0.943	1	2	95	4	7	28	2196	0	0
0.944	1	6	95	5	8	28	2196	0	0
0.945	1	5	95	6	1	28	2196	0	0
0.946	1	3	95	7	2	28	2196	0	0
0.947	1	1	95	8	3	28	2196	0	0
0.948	1	4	95	9	4	28	2196	0	0
0.949	1	2	95	10	7	28	2196	0	0
0.95	1	6	96	1	8	28	2196	0	0
0.951	1	5	96	2	1	28	2196	0	0
0.952	1	3	96	3	2	28	2196	0	0
0.953	1	1	96	4	3	28	2196	0	0
0.954	1	4	96	5	4	28	2196	0	0
0.955	1	2	96	6	7	28	2196	0	0
0.956	1	6	96	7	8	28	2196	0	0
0.957	1	5	96	8	1	28	2196	0	0
0.958	1	3	96	9	2	28	2196	0	0
0.959	1	1	96	10	3	28	2196	0	0
0.96	1	4	97	1	4	28	2196	0	0
0.961	1	2	97	2	7	28	2196	0	0
0.962	1	6	97	3	8	28	2196	0	0
0.963	1	5	97	4	1	28	2196	0	0
0.964	1	3	97	5	2	28	2196	0	0
0.965	1	1	97	6	3	28	2196	0	0
0.966	1	4	97	7	4	28	2196	0	0
0.967	1	2	97	8	7	28	2196	0	0
0.968	1	6	97	9	8	28	2196	0	0
0.969	1	5	97	10	1	28	2196	0	0
0.97	1	3	98	1	2	28	2196	0	0
0.971	1	1	98	2	3	28	2196	0	0
0.972	1	4	98	3	4	28	2196	0	0
0.973	1	2	98	4	7	28	2196	0	0
0.974	1	6	98	5	8	28	2196	0	0
0.975	1	5	98	6	1	28	2196	0	0
0.976	1	3	98	7	2	28	2196	0	0
0.977	1	1	98	8	3	28	2196	0	0
0.978	1	4	98	9	4	28	2196	0	0
0.979	1	2	98	10	7	28	2196	0	0
0.98	1	6	99	1	8	28	2196	0	0
0.981	1	5	99	2	1	28	2196	0	0
0.982	1	3	99	3	2	28	2196	0	0
0.983	1	1	99	4	3	28	2196	0	0
0.984	1	4	99	5	4	28	2196	0	0
0.985	1	2	99	6	7	28	2196	0	0
0.986	1	6	99	7	8	28	2196	0	0
0.987	1	5	99	8	1	28	2196	0	0
0.988	1	3	99	9	2	28	2196	0	0
0.989	1	1	99	10	3	28	2196	0	0
0.99	1	4	100	1	4	28	2196	0	0
0.991	1	2	100	2	7	28	2196	0	0
0.992	1	6	100	3	8	28	2196	0	0
0.993	1	5	100	4	1	28	2196	0	0
0.994	1	3	100	5	2	28	2196	0	0
0.995	1	1	100	6	3	28	2196	0	0
0.996	1	4	100	7	4	28	2196	0	0
0.997	1	2	100	8	7	28	2196	0	0
0.998	1	6	100	9	8	28	2196	0	0
0.999	1	5	100	10	1	28	2196	0	0
